Unix Epoch Time,Pressure (mBar),Temperature (Celsius),Time Interval (s)
0,1025.89,20.7,1
1,1053.22,21.24,1
2,1080.14,20.51,1
3,1109.97,20.14,1
4,1132.07,20.3,1
5,1158.09,20.36,1
6,1185.7,21.3,1
7,1209.77,21.08,1
8,1239.56,21.24,1
9,1260.8,21.59,1
10,1283.92,21.02,1
11,1308.13,20.07,1
12,1336.25,20.82,1
13,1360.83,20.55,1
14,1390.37,22,1
15,1420.74,20.21,1
16,1443.59,21.34,1
17,1473.01,21.88,1
18,1501.87,20.8,1
19,1524.18,20.86,1
20,1555.03,21.3,1
21,1585.3,20.32,1
22,1607.4,20.32,1
23,1637.35,20.28,1
24,1667.81,20.37,1
25,1696.8,20.38,1
26,1727.11,21.87,1
27,1751.17,20.64,1
28,1772.26,21.95,1
29,1797.13,20.29,1
30,1819.22,21.18,1
31,1842.21,21.76,1
32,1865.13,21.17,1
33,1889.97,20.91,1
34,1917.5,21.97,1
35,1945.3,20.87,1
36,1969.34,20.47,1
37,1994.05,21.48,1
38,2016.53,20.57,1
39,2041.16,21.43,1
40,2064.22,21.09,1
41,2089.46,20.84,1
42,2118.48,20.68,1
43,2143.73,21.28,1
44,2170.85,20.07,1
45,2201.12,20.38,1
46,2226.89,22,1
47,2251.68,21.31,1
48,2274.25,21.19,1
49,2297.47,20.34,1
50,2327.12,20.61,1
51,2351.4,21.18,1
52,2376.07,20.4,1
53,2402.68,21.13,1
54,2433.23,21.7,1
55,2454.81,20.81,1
56,2477.11,20.31,1
57,2504.94,20.7,1
58,2531.3,21.39,1
59,2558.56,21.46,1
60,2585.55,20.46,1
61,2609.73,20.23,1
62,2633.99,20.69,1
63,2662.3,20.52,1
64,2688.11,20.96,1
65,2715.8,21.23,1
66,2743.45,21.62,1
67,2764.44,20.95,1
68,2786.84,21.63,1
69,2808.27,21.56,1
70,2833.87,21.58,1
71,2864.6,20.3,1
72,2885.76,21.12,1
73,2912.16,21.76,1
74,2936.66,20.09,1
75,2962.32,20.86,1
76,2985.33,21.78,1
77,3010.34,21.7,1
78,3037.84,20.75,1
79,3064.8,20.53,1
80,3087.51,21.3,1
81,3117.38,21.93,1
82,3143.6,21.87,1
83,3164.61,21.44,1
84,3193.43,21.74,1
85,3200,20.91,1
86,3200,21.4,1
87,3200,20.06,1
88,3200,21.8,1
89,3200,21.16,1
90,3114.5,21.91,1
91,3033.65,21.66,1
92,2953.53,20.11,1
93,2872.52,21.41,1
94,2792.26,21.05,1
95,2709.47,21.86,1
96,2631.38,20.84,1
97,2547.63,20.38,1
98,2462.53,20.54,1
99,2376.62,20.91,1
100,2294.54,21.39,1
101,2216.01,20,1
102,2134.31,20.35,1
103,2049.22,20.73,1
104,1964.84,21.98,1
105,1881.16,20.65,1
106,1797.47,20.93,1
107,1715.33,20.2,1
108,1630.76,21.37,1
109,1549.87,21.09,1
110,1468.63,20.09,1
111,1390.06,21.95,1
112,1309.16,21.15,1
113,1231.08,20.48,1
114,1150,20.47,1
115,1150,21.13,1
116,1150,21.27,1
117,1150,21.97,1
118,1150,21.98,1
119,1150,20.73,1
120,1134.52,21.64,1
121,1123.49,20.45,1
122,1106.3,20.5,1
123,1087.39,21.6,1
124,1075.53,21.45,1
125,1058.17,21.15,1
126,1045.22,20.83,1
127,1029.76,20.97,1
128,1029,21.89,1
129,1029,20.1,1
130,1029.58,22,1
131,1037.08,20.83,1
132,1039.15,20.81,1
133,1046.37,20.94,1
134,1046.26,21.78,1
135,1045.27,20.39,1
136,1035.95,21.83,1
137,1033.75,20.63,1
138,1030.73,21.61,1
139,1026.18,20.78,1
140,1034.25,20.05,1
141,1030.16,21.07,1
142,1024.15,20.62,1
143,1024.24,20.1,1
144,1026.81,20.29,1
145,1026.05,20.95,1
146,1022.08,20.6,1
147,1027.56,20.74,1
148,1034.19,22,1
149,1025.6,20.29,1
150,1028.42,21.41,1
151,1021.42,21.32,1
152,1029.18,20.2,1
153,1036.35,20.26,1
154,1036.6,21.16,1
155,1035.47,21.49,1
156,1045.29,21.98,1
157,1052.81,20.09,1
158,1046.57,21.16,1
159,1041.31,20.58,1
160,1036.11,21.61,1
161,1040.5,21.93,1
162,1033.13,21.39,1
163,1028.76,20.24,1
164,1031.34,20.4,1
165,1028.38,20.97,1
166,1037.88,21.74,1
167,1034.13,21.76,1
168,1030.97,20.09,1
169,1040.49,21.7,1
170,1045.95,20.06,1
171,1039.15,21.62,1
172,1046.51,21.15,1
173,1042.84,20.51,1
174,1042.45,20.44,1
175,1037.66,21.85,1
176,1043.98,21,1
177,1043.12,21.55,1
178,1045.02,20.84,1
179,1035.33,20.58,1
180,1026.19,21.3,1
181,1029.66,20.67,1
182,1032.34,20.83,1
183,1035.47,20.8,1
184,1038.49,20.67,1
185,1029.2,20.32,1
186,1037.64,20.95,1
187,1040.95,20.62,1
188,1048.73,20.76,1
189,1054.95,20.72,1
190,1060.8,21.88,1
191,1061.91,20.73,1
192,1058.7,21.94,1
193,1057.92,21.58,1
194,1055.72,20.8,1
195,1052.16,20.73,1
196,1048.29,21.86,1
197,1057.03,21.01,1
198,1060.26,20.3,1
199,1064.46,22,1
200,1068.17,21.65,1
201,1071.94,20.59,1
202,1073.82,21.27,1
203,1079.74,21.14,1
204,1074.14,20.15,1
205,1066.77,20.24,1
206,1073.53,21.68,1
207,1078.79,20.09,1
208,1086.68,21.92,1
209,1081.2,20.5,1
210,1083.17,20.02,1
211,1077.31,20.43,1
212,1075.49,21.19,1
213,1084.97,20.58,1
214,1076.67,21.95,1
215,1072.58,20.98,1
216,1079.74,21.12,1
217,1075.21,20.01,1
218,1084.9,20.52,1
219,1088.89,21.82,1
220,1085.55,21.97,1
221,1079.71,20.87,1
222,1086.37,21.83,1
223,1094.46,20.94,1
224,1091.93,21.55,1
225,1091.13,20.09,1
226,1095.88,20.63,1
227,1098.16,20.72,1
228,1090.14,20.15,1
229,1087.06,20.42,1
230,1077.39,20.82,1
231,1083.21,20.31,1
232,1088.56,20.43,1
233,1098.51,20.16,1
234,1097.19,21.73,1
235,1096.04,21.57,1
236,1097.38,20.02,1
237,1098.27,21.5,1
238,1093.91,20.32,1
239,1088.18,20.17,1
240,1091.82,21.93,1
241,1088.31,21.28,1
242,1078.81,21.04,1
243,1071.82,21.14,1
244,1065.13,20.42,1
245,1060.49,20.45,1
246,1067.67,20.49,1
247,1058.38,21.96,1
248,1052.3,20.86,1
249,1061.26,20.47,1
250,1063.38,21,1
251,1057.42,21.67,1
252,1061.59,20.78,1
253,1068.75,20.16,1
254,1078.75,21.88,1
255,1087.8,20.72,1
256,1090.1,20.87,1
257,1086.77,21.38,1
258,1091.78,21.42,1
259,1097.02,21.6,1
260,1087.46,21.73,1
261,1096.5,20.84,1
262,1091.26,21.58,1
263,1091.17,20.14,1
264,1082.53,20.34,1
265,1076.11,20.46,1
266,1072.46,20.12,1
267,1069.57,20.4,1
268,1061.47,21.01,1
269,1052.97,20.19,1
270,1043.17,21.24,1
271,1052.97,20.67,1
272,1054.47,21.31,1
273,1047.46,21.39,1
274,1050.46,21.78,1
275,1060.29,20.92,1
276,1054.16,20.36,1
277,1046.53,21.88,1
278,1049.5,21.31,1
279,1057.64,21.7,1
280,1047.78,20.48,1
281,1038.48,20.61,1
282,1030.28,21.36,1
283,1028.13,20.56,1
284,1035.58,21.98,1
285,1042.75,20.59,1
286,1049.88,21.02,1
287,1053.36,21.82,1
288,1055.67,21.32,1
289,1047.95,21.64,1
290,1053.03,20.36,1
291,1047.76,21.2,1
292,1044.64,20.99,1
293,1048.58,21.65,1
294,1040.61,21.95,1
295,1031.24,21.46,1
296,1038.68,20.47,1
297,1029.09,20.57,1
298,1022.23,20.45,1
299,1030.56,21.25,1
300,1038,20.64,1
301,1033.28,21.17,1
302,1031.63,20.82,1
303,1039.26,20.08,1
304,1033.12,20.67,1
305,1037.61,21.59,1
306,1028.74,20.86,1
307,1022.68,20,1
308,1023.4,20.86,1
309,1025.52,20.32,1
310,1033.02,21.19,1
311,1031.99,22,1
312,1033.62,21.41,1
313,1024.96,20.94,1
314,1029.86,21.08,1
315,1036.55,21.12,1
316,1027.06,20.36,1
317,1020.21,20.6,1
318,1026.12,20.65,1
319,1020.49,21.95,1
320,1024.32,21.41,1
321,1022.15,21.49,1
322,1023.2,21.48,1
323,1028.65,20.66,1
324,1035.38,20.42,1
325,1044.68,20.59,1
326,1052.4,21.9,1
327,1051.57,21.23,1
328,1042.46,21.01,1
329,1036.9,21.71,1
330,1102.83,20.25,1
331,1161.07,20.53,1
332,1221.27,20.5,1
333,1282.48,21.37,1
334,1349.26,21.63,1
335,1411.79,21.28,1
336,1478.71,20.52,1
337,1538.9,20.81,1
338,1603.69,20.03,1
339,1662.35,20.27,1
340,1726.5,20.78,1
341,1789.35,21.97,1
342,1855.15,20.04,1
343,1914.76,20.41,1
344,1977.3,20.88,1
345,2043.72,21.42,1
346,2105.34,20.67,1
347,2165.1,21.33,1
348,2229.63,21.92,1
349,2288.53,21.63,1
350,2355.41,21.63,1
351,2417.29,20.8,1
352,2476.02,20.09,1
353,2535.58,20.68,1
354,2601.51,20.21,1
355,2667.41,21.2,1
356,2728.93,21.03,1
357,2795.63,21.25,1
358,2854.48,21.35,1
359,2912.71,20.7,1
360,2977.49,21.52,1
361,3041.46,21.45,1
362,3100.75,21.67,1
363,3165.87,21.81,1
364,3232.81,20.74,1
365,3298.94,21.06,1
366,3360.91,21.98,1
367,3418.54,21.63,1
368,3483.41,21.36,1
369,3543.63,20.21,1
370,3601.26,20.31,1
371,3668.61,21.56,1
372,3732.42,21.78,1
373,3794.78,20.39,1
374,3861.95,21.32,1
375,3924.11,21.15,1
376,3985.39,20.69,1
377,4043.14,21.18,1
378,4101.26,20.91,1
379,4162.99,21.9,1
380,4225.13,20.93,1
381,4282.88,21.71,1
382,4345.41,21.79,1
383,4411.63,21.55,1
384,4473.09,20.01,1
385,4500,21.27,1
386,4500,20.04,1
387,4500,20.11,1
388,4500,21.78,1
389,4500,21.95,1
390,4439.56,20.77,1
391,4380.15,20.01,1
392,4311.91,20.99,1
393,4250.17,20.13,1
394,4188.07,20.73,1
395,4119.84,20.54,1
396,4058.42,21.69,1
397,3995.01,20.22,1
398,3931.01,20.04,1
399,3870.29,21.08,1
400,3808.54,21.2,1
401,3749.66,20.33,1
402,3684.55,21.56,1
403,3619.52,20.92,1
404,3560.88,20.98,1
405,3493.24,20.18,1
406,3431.09,20.96,1
407,3370.28,20.63,1
408,3310.65,20.55,1
409,3248.56,21.09,1
410,3185.32,20.94,1
411,3120.64,20.86,1
412,3058.91,20.62,1
413,2991.5,20.45,1
414,2928.6,20.38,1
415,2869.45,20.81,1
416,2802.66,20.42,1
417,2741.01,20.9,1
418,2672.51,20.89,1
419,2606.65,20.13,1
420,2540.06,21.01,1
421,2481.01,20.3,1
422,2415.4,21.64,1
423,2354.73,21.47,1
424,2291.96,21.58,1
425,2229.46,21.24,1
426,2167.51,21.74,1
427,2103.41,20.85,1
428,2039.19,20.46,1
429,1975.53,20.63,1
430,1914.94,20.76,1
431,1854.72,21.81,1
432,1793.6,21.81,1
433,1729.31,21.87,1
434,1661.23,21.75,1
435,1597.33,21.94,1
436,1534.29,21.53,1
437,1466.59,21.73,1
438,1405.82,20.71,1
439,1346.84,20.96,1
440,1285.59,21.95,1
441,1217.81,21.54,1
442,1154.52,21.76,1
443,1091.21,21.3,1
444,1025.82,20.81,1
445,1000,21.05,1
446,1000,20.01,1
447,1000,21.84,1
448,1000,20.6,1
449,1000,20.18,1
freedive,,,
