Unix Epoch Time,Pressure (mBar),Temperature (Celsius),Time Interval (s)
0,1006.74,29.47,1
1,1016.04,33.41,1
2,1026.29,17.57,1
3,1034.63,1.73,1
4,1043.07,26.94,1
5,1050.56,-18.66,1
6,1058.15,-4.22,1
7,1067.78,22.13,1
8,1076.98,1.28,1
9,1086.42,-15.81,1
10,1096.4,-12.55,1
11,1104.05,13.37,1
12,1112.69,32.32,1
13,1120.94,-2.85,1
14,1129.25,38.23,1
15,1137.99,9.2,1
16,1148.07,-14.91,1
17,1158.31,25.11,1
18,1168.13,33.3,1
19,1177.49,23.93,1
20,1184.15,11.54,1
21,1194.24,17.25,1
22,1202.28,9.44,1
23,1211.1,18.73,1
24,1218.91,-10.94,1
25,1226.93,39.76,1
26,1235.24,-4.44,1
27,1242.66,18.68,1
28,1251.44,1.44,1
29,1259.51,22.47,1
30,1267.05,19.26,1
31,1276.4,29.58,1
32,1283.68,26.7,1
33,1292.69,10.18,1
34,1300.77,22.75,1
35,1310.58,39.99,1
36,1319.27,8.07,1
37,1328.94,17.7,1
38,1338.86,19.66,1
39,1348.37,-12.1,1
40,1358.36,-18.07,1
41,1367.62,1.22,1
42,1375.26,-6.75,1
43,1382.41,33.24,1
44,1390.85,30.15,1
45,1398.65,30.36,1
46,1406.72,35.88,1
47,1415.31,31.69,1
48,1422.89,-13.52,1
49,1432.94,-5.08,1
50,1441.66,-3.87,1
51,1450.05,5.52,1
52,1458.01,13.43,1
53,1467.45,8.67,1
54,1477.62,28.37,1
55,1485.85,6.04,1
56,1495,-7.31,1
57,1501.95,-12.59,1
58,1508.99,-12.56,1
59,1516.37,-12.53,1
60,1525.62,18.77,1
61,1533.45,14.65,1
62,1543.23,27.23,1
63,1552.17,2.77,1
64,1560.21,21.59,1
65,1567.43,-14.47,1
66,1577.46,39.39,1
67,1586.7,4.55,1
68,1594.94,4.22,1
69,1604.21,12.17,1
70,1613.28,34.22,1
71,1623.11,-2.24,1
72,1630.25,20.9,1
73,1639.75,4.92,1
74,1646.99,38.53,1
75,1656.02,33.73,1
76,1665.28,12.01,1
77,1673.57,14.22,1
78,1680.61,13.44,1
79,1688.19,-12.25,1
80,1697.7,16.95,1
81,1707.81,32.66,1
82,1715.82,-17.76,1
83,1724.18,17.04,1
84,1731.44,11.82,1
85,1739.01,1.53,1
86,1746.88,6.42,1
87,1753.7,11.47,1
88,1763.46,15.35,1
89,1771.02,-10.07,1
90,1780.97,-6.73,1
91,1789.32,4.84,1
92,1796.76,0.82,1
93,1803.94,13.72,1
94,1811.01,21.93,1
95,1820.52,-8.9,1
96,1829.25,28.05,1
97,1836.52,32.09,1
98,1844.51,17.61,1
99,1853.7,5.44,1
100,1863.06,5.37,1
101,1870.99,-2.46,1
102,1880.02,-13.47,1
103,1887.02,-1.75,1
104,1896.17,15.27,1
105,1904.89,-2.55,1
106,1913.04,-7.13,1
107,1921.41,27.23,1
108,1928.15,31.41,1
109,1935.26,0.75,1
110,1942.86,-3.48,1
111,1951.4,31.87,1
112,1961.4,35.67,1
113,1971.08,-13.02,1
114,1979.26,28.02,1
115,1986.34,19.76,1
116,1993.59,12.63,1
117,2002.1,14.35,1
118,2012.04,39.28,1
119,2019.48,27.65,1
120,2029.45,-11.15,1
121,2037.4,16.02,1
122,2045.9,29.81,1
123,2055.28,39.48,1
124,2065.57,5.5,1
125,2074.57,27.78,1
126,2081.98,15.68,1
127,2090.66,14.09,1
128,2100.05,-2.18,1
129,2108.57,9.85,1
130,2116.6,28.14,1
131,2125.36,-7.51,1
132,2134.95,5.64,1
133,2142.91,19.83,1
134,2152.31,0.23,1
135,2158.91,33.83,1
136,2168.26,-8.06,1
137,2176.91,38.29,1
138,2186.15,-3.5,1
139,2193.62,5.22,1
140,2200,24.45,1
141,2200,-3.89,1
142,2200,37.3,1
143,2200,-14.38,1
144,2200,30.16,1
145,2200,31.31,1
146,2200,-8.6,1
147,2200,8.03,1
148,2200,-4.76,1
149,2200,-12.18,1
150,2193.8,-14.07,1
151,2187.38,6.75,1
152,2182.29,10.33,1
153,2177.07,22.07,1
154,2170.27,18.45,1
155,2162.69,-19.46,1
156,2156.28,23.84,1
157,2149.39,18.2,1
158,2144.71,13.75,1
159,2138.89,-14.08,1
160,2132.12,17.39,1
161,2126.47,-11.63,1
162,2120.84,18.68,1
163,2114.26,25.57,1
164,2105.7,-4.73,1
165,2097.71,8.4,1
166,2089.8,2.21,1
167,2081.34,29.39,1
168,2074.25,28.01,1
169,2067.79,-13.09,1
170,2059.22,-7.66,1
171,2053.58,-8.64,1
172,2047.96,22.38,1
173,2039.73,-11.62,1
174,2034.96,36.36,1
175,2029.31,-4.26,1
176,2024.14,-14.38,1
177,2016.73,-11.99,1
178,2011.2,39.47,1
179,2005.72,-11.68,1
180,1997.61,11.99,1
181,1991.09,35.4,1
182,1983.72,11.47,1
183,1977.74,23.18,1
184,1970.6,16.87,1
185,1964.35,22.09,1
186,1959.55,1.6,1
187,1954.42,19.97,1
188,1949.33,35.5,1
189,1942.67,-2.84,1
190,1935.52,20.79,1
191,1930.58,-5.58,1
192,1922.96,-12.42,1
193,1915.97,-13.04,1
194,1907.98,11.36,1
195,1901.6,-19.96,1
196,1893.71,-1.02,1
197,1885.41,8.12,1
198,1880.61,36.05,1
199,1872.69,34.75,1
200,1867.96,11.71,1
201,1860.51,30.31,1
202,1853.38,17.38,1
203,1844.72,12.42,1
204,1838.28,7.7,1
205,1833.41,-3.17,1
206,1826.4,27.78,1
207,1819.98,21.37,1
208,1813.23,0.09,1
209,1806.03,11.62,1
210,1798.06,11.73,1
211,1792.97,34.34,1
212,1787.69,19,1
213,1779.37,13.48,1
214,1771.93,11.09,1
215,1766.05,38.14,1
216,1759.65,21.29,1
217,1752.76,8.87,1
218,1746.78,25.22,1
219,1741.12,16.73,1
220,1736.41,-4.76,1
221,1727.91,15.37,1
222,1720.99,23.39,1
223,1712.59,29.28,1
224,1705.23,30.74,1
225,1698.4,27.66,1
226,1692.34,34.09,1
227,1685.13,-10.23,1
228,1679,39.86,1
229,1674.25,17.54,1
230,1667.34,-3.28,1
231,1661.95,5.31,1
232,1657.25,37.66,1
233,1652.12,34.78,1
234,1646.77,26.8,1
235,1638.25,25.29,1
236,1630.49,-0.39,1
237,1622.99,-17.84,1
238,1617.47,31.08,1
239,1611.37,21.04,1
240,1605.18,33.7,1
241,1600,-18.09,1
242,1600,-19.27,1
243,1600,-3.73,1
244,1600,39.95,1
245,1600,-10.19,1
246,1600,8.19,1
247,1600,-18.75,1
248,1600,5.49,1
249,1600,9.5,1
250,1609.12,7.09,1
251,1619.11,0.58,1
252,1627.56,7.27,1
253,1635.49,-4.28,1
254,1645.39,38.91,1
255,1653.25,31.5,1
256,1663.39,-4.86,1
257,1672.36,-16.53,1
258,1682.29,19.97,1
259,1690.46,32.44,1
260,1699.85,28.56,1
261,1707.29,-4.53,1
262,1716.68,5.16,1
263,1726.62,-1.13,1
264,1736.31,29.64,1
265,1744.88,38.8,1
266,1751.87,-8.68,1
267,1758.79,18.65,1
268,1765.54,9.07,1
269,1775.18,39.29,1
270,1783.6,35.5,1
271,1793.22,4.32,1
272,1801.04,20.76,1
273,1808.17,21.14,1
274,1818.08,26.2,1
275,1825.27,-9.12,1
276,1835.39,-12.29,1
277,1842.89,-10.49,1
278,1852.15,4.69,1
279,1861.66,-10.84,1
280,1868.22,0.34,1
281,1876.66,21.22,1
282,1884.19,-16.18,1
283,1891.03,14.6,1
284,1901.17,39.82,1
285,1908.11,21.64,1
286,1915.72,31.34,1
287,1925.44,26.81,1
288,1933.8,-19.77,1
289,1942.27,32.62,1
290,1949.9,37.78,1
291,1959.02,-1.97,1
292,1967.56,31.18,1
293,1974.91,-0.45,1
294,1981.67,18.22,1
295,1990.64,25.44,1
296,1997.53,-8.16,1
297,2006.32,30.65,1
298,2015.75,5.99,1
299,2023.06,25.52,1
300,2032.52,1.24,1
301,2040.59,-4.01,1
302,2050.76,6.09,1
303,2060.79,-7.25,1
304,2069.8,23.49,1
305,2078.51,3.63,1
306,2086.38,-9.69,1
307,2092.93,37.64,1
308,2100.68,18.58,1
309,2109.67,-2.86,1
310,2118.67,-6.77,1
311,2128.88,3.81,1
312,2136.07,16.36,1
313,2145.43,8.66,1
314,2153.77,21.76,1
315,2161.05,14.58,1
316,2171.24,34.57,1
317,2178.21,23.15,1
318,2187.05,-16.98,1
319,2195.9,13.42,1
320,2202.5,9.89,1
321,2211.19,35.27,1
322,2218.11,35.82,1
323,2225.66,15.85,1
324,2235.66,-5.17,1
325,2244.34,39.44,1
326,2252.86,39.16,1
327,2260.72,5.16,1
328,2269.89,-1.9,1
329,2277.54,8.6,1
330,2287.4,12.45,1
331,2294.48,26.19,1
332,2301.23,32.99,1
333,2310.81,28.02,1
334,2320.89,27.14,1
335,2328.99,18.22,1
336,2338.63,38.78,1
337,2348.49,-0.35,1
338,2356.34,13.88,1
339,2366.02,11.6,1
340,2373.78,-12.22,1
341,2381.44,35.43,1
342,2388.67,27.61,1
343,2397.37,30.41,1
344,2405.41,19.55,1
345,2412,17.06,1
346,2418.58,24.89,1
347,2424.89,21.82,1
348,2433.11,-19.67,1
349,2443.35,23.73,1
350,2452.76,19.68,1
351,2462.46,-19.46,1
352,2468.84,-19.9,1
353,2475.45,28.66,1
354,2483.21,-18.96,1
355,2490.38,35.39,1
356,2500.55,19.7,1
357,2510.14,-7.03,1
358,2517.11,32.6,1
359,2524.31,9.58,1
360,2531.75,14.41,1
361,2538.44,-1.78,1
362,2547.56,8.53,1
363,2557.6,39.72,1
364,2564.74,20.25,1
365,2571.9,-0.83,1
366,2578.85,15.18,1
367,2588.19,12.41,1
368,2595.98,36.05,1
369,2605.2,31.44,1
370,2614.3,38.61,1
371,2622.64,26.03,1
372,2630.5,34.72,1
373,2637.92,-3.01,1
374,2647.16,12.62,1
375,2656.07,-5.19,1
376,2662.62,28.01,1
377,2671.94,37.21,1
378,2680.68,-11.74,1
379,2689.35,-3.88,1
380,2698.95,18.57,1
381,2706.61,-13.49,1
382,2713.09,-18.61,1
383,2722.84,35,1
384,2731.61,-2.46,1
385,2738.43,36.87,1
386,2747.58,38.24,1
387,2755.5,-3.4,1
388,2762.88,-5.51,1
389,2770.59,28.72,1
390,2779.37,2.87,1
391,2787.16,-13.6,1
392,2796.92,27.43,1
393,2806.49,-7.16,1
394,2814.24,-10.11,1
395,2821.82,34.05,1
396,2831.15,10.4,1
397,2840.48,33.1,1
398,2847.65,-16.72,1
399,2855.19,17.04,1
400,2862.11,-16.23,1
401,2869.63,19.61,1
402,2879.81,13.13,1
403,2889.47,24.38,1
404,2896.46,-18.75,1
405,2904.83,-5.47,1
406,2914.9,32.43,1
407,2925.11,-17.62,1
408,2932.05,10.44,1
409,2939.86,-11.54,1
410,2947.59,16.38,1
411,2954.66,19.54,1
412,2963.9,26.23,1
413,2973.61,30.64,1
414,2981.67,26.25,1
415,2989.7,-7.88,1
416,2998.56,-16.3,1
417,3006.02,7.05,1
418,3016.17,-5.4,1
419,3025.78,33.8,1
420,3033.55,38.3,1
421,3043.17,11.24,1
422,3052.51,-3.24,1
423,3059.39,1.34,1
424,3067.29,-2.55,1
425,3075,18,1
426,3083.85,4.73,1
427,3091.27,9.11,1
428,3097.88,2.01,1
429,3107.34,-7.84,1
430,3113.69,11.97,1
431,3122.31,32.71,1
432,3129.5,-14.81,1
433,3138.36,13.87,1
434,3145.78,3.48,1
435,3152.97,1.41,1
436,3161.05,1.01,1
437,3168.62,28.45,1
438,3178.32,-15.21,1
439,3186.29,-10.48,1
440,3193.93,-19.85,1
441,3203.34,35.18,1
442,3210.21,-6.99,1
443,3216.8,8.95,1
444,3224.21,2.5,1
445,3232.42,20.16,1
446,3239.2,-1.57,1
447,3246.01,19.66,1
448,3254.13,31.27,1
449,3260.61,17.59,1
450,3268.08,39.15,1
451,3275.02,-19.69,1
452,3282.72,-1.43,1
453,3290.85,-9,1
454,3301.01,-15.3,1
455,3309.95,35.71,1
456,3316.55,30.85,1
457,3324.76,35.43,1
458,3331.99,-8.91,1
459,3339.4,10.23,1
460,3346.57,28.42,1
461,3354.83,21.62,1
462,3362.34,37.48,1
463,3370.2,0.58,1
464,3380.47,26.08,1
465,3387.18,16.98,1
466,3395.87,17.08,1
467,3402.75,0.27,1
468,3411.29,27,1
469,3417.76,8.15,1
470,3426,5.18,1
471,3435.74,16.31,1
472,3443.78,2.38,1
473,3451.19,-6.02,1
474,3461.35,14.84,1
475,3468.42,34.93,1
476,3477.82,10.36,1
477,3487.36,25.71,1
478,3494.93,-18.96,1
479,3503.48,17.23,1
480,3510.46,26.88,1
481,3519.89,16.66,1
482,3527.52,23.54,1
483,3534.19,13.69,1
484,3542.61,-12.61,1
485,3550.47,4.1,1
486,3559.78,22.64,1
487,3568.13,27.62,1
488,3577.64,23,1
489,3587.09,0.95,1
490,3593.46,39.74,1
491,3600.56,-10.85,1
492,3608.52,12.74,1
493,3618.59,14.5,1
494,3626.2,10.17,1
495,3633.57,10.97,1
496,3643.69,32.65,1
497,3651.26,11.57,1
498,3661.51,25.16,1
499,3671.07,-17.65,1
500,3679.55,-2.93,1
501,3688.1,15.34,1
502,3697.28,3.06,1
503,3705.02,32.86,1
504,3715.27,-19.12,1
505,3722.58,16.1,1
506,3732.03,26.79,1
507,3739.55,-9.97,1
508,3747.82,-17,1
509,3755.95,-8.67,1
510,3762.52,38,1
511,3771.24,-6.02,1
512,3780.01,1.97,1
513,3786.74,38.05,1
514,3794.75,9.67,1
515,3802.82,12.96,1
516,3812.85,35.36,1
517,3822.2,35.52,1
518,3829.2,12.18,1
519,3836.61,-7.16,1
520,3844.48,-19.3,1
521,3853.56,-3.55,1
522,3861.83,-7.64,1
523,3872.01,12.79,1
524,3880.21,37.5,1
525,3887.56,-3.47,1
526,3896.71,26.68,1
527,3906.59,-14.81,1
528,3915.79,-2.03,1
529,3925.01,17.19,1
530,3933.03,15.17,1
531,3940.97,-15.14,1
532,3948.05,30.75,1
533,3955.55,15.24,1
534,3964.45,-13.02,1
535,3972.53,13.05,1
536,3981.02,24.63,1
537,3987.9,29.2,1
538,3996.47,-19.49,1
539,4000,13.36,1
540,4000,-12.97,1
541,4000,-17.45,1
542,4000,5.21,1
543,4000,34.93,1
544,4000,21.32,1
545,4000,35.42,1
546,4000,23.35,1
547,4000,-2.37,1
548,4000,6.73,1
549,4000,30.02,1
550,3999.69,11.58,1
551,3992.62,3.52,1
552,3984.28,-14.72,1
553,3974.57,25.41,1
554,3977.04,6.13,1
555,3984.22,-3.91,1
556,3984.58,-1.37,1
557,3982.64,19.07,1
558,3982.06,30.1,1
559,3991.49,-9.5,1
560,4000.16,-13.41,1
561,3991.05,31.04,1
562,3982.4,12.17,1
563,3979.96,23.56,1
564,3987,36.97,1
565,3987.75,4.22,1
566,3986.91,-16.94,1
567,3980.19,6.23,1
568,3979.02,39.47,1
569,3979.63,-9.44,1
570,3973.94,1.28,1
571,3980.4,10.87,1
572,3978.21,21.13,1
573,3978.5,9.32,1
574,3976.5,-10.74,1
575,3984.93,29.49,1
576,3986.89,-4.27,1
577,3986.56,-19.61,1
578,3986.7,-16.2,1
579,3987.32,30.54,1
580,3984.25,-16.35,1
581,3974.9,-4.99,1
582,3965.6,23.32,1
583,3966.18,-7.28,1
584,3975.04,26.93,1
585,3983.56,12.06,1
586,3974.65,18.56,1
587,3967.92,8.56,1
588,3970.41,-6.16,1
589,3969.18,27.44,1
590,3977.88,22.59,1
591,3969.45,-5.38,1
592,3974.24,9.45,1
593,3980.73,-8.93,1
594,3986.49,-0.35,1
595,3990.93,12.42,1
596,3982.92,23.89,1
597,3973.27,24.85,1
598,3974.56,2.26,1
599,3982.82,30.82,1
600,3991.66,-9.22,1
601,4001.56,8.29,1
602,4002.91,-6.88,1
603,4001.02,-13.99,1
604,4003.96,7.88,1
605,4006.31,-14.82,1
606,4009.04,10.46,1
607,4018.16,23.27,1
608,4026.11,36.43,1
609,4035.41,-5.72,1
610,4040.56,20.34,1
611,4039.01,2.58,1
612,4032.84,-18.4,1
613,4031.63,39.06,1
614,4038.89,10.83,1
615,4034.92,33.34,1
616,4032.72,20.65,1
617,4038.17,22.57,1
618,4037.01,19.71,1
619,4042.4,21.47,1
620,4044.06,8.13,1
621,4049.71,4.69,1
622,4050.91,28.05,1
623,4041.81,16.98,1
624,4044.09,-6.7,1
625,4034.3,-12.97,1
626,4039.71,-4.75,1
627,4036.93,16.98,1
628,4030.04,-4.5,1
629,4033.08,14.1,1
630,4030.78,6.81,1
631,4025.08,-1.78,1
632,4017.86,8.63,1
633,4011.45,-17.51,1
634,4001.86,1.8,1
635,3992.64,18.93,1
636,4000.38,36.56,1
637,3993.61,31.63,1
638,3985.06,23.01,1
639,3994.37,-5.73,1
640,3989.78,-11.4,1
641,3983.11,39.98,1
642,3982.16,35.4,1
643,3978.3,7.99,1
644,3984.13,-19.9,1
645,3975.38,5.58,1
646,3969.49,18.41,1
647,3973.46,-10.95,1
648,3974.1,-2.51,1
649,3970.01,4.14,1
650,3979.29,10.79,1
651,3972.67,-16.37,1
652,3981.54,6.75,1
653,3986.75,3.49,1
654,3991.06,-5.82,1
655,3993.42,-2.16,1
656,3994.31,-15.1,1
657,3996.56,27.24,1
658,3998.49,-19.73,1
659,4007.43,-3.7,1
660,4015.8,-9.01,1
661,4014.04,26.3,1
662,4004.56,22.54,1
663,3995.32,-1.55,1
664,4002.64,14.44,1
665,4004.49,26.77,1
666,3998.15,-8.33,1
667,3996.98,8.97,1
668,3994.47,5.98,1
669,3988.81,5.4,1
670,3987.64,38.52,1
671,3980.45,6.15,1
672,3983.42,0.53,1
673,3993.25,26.46,1
674,3993.42,-7.16,1
675,3993.67,29.46,1
676,3986.02,35.17,1
677,3980.68,35.21,1
678,3973.46,-0.7,1
679,3980.02,26.03,1
680,3984.66,-19.69,1
681,3975.95,29.97,1
682,3968.52,20.17,1
683,3967.56,33.55,1
684,3974.36,6.74,1
685,3966.71,39.46,1
686,3971.99,-3.39,1
687,3971.01,7.7,1
688,3972.24,-7.57,1
689,3962.27,-7.16,1
690,3958.57,-15.8,1
691,3957.06,-18.15,1
692,3958.27,6.45,1
693,3965.94,34.23,1
694,3974.81,11.23,1
695,3978.55,-19.58,1
696,3969.77,-13.45,1
697,3966.65,15.86,1
698,3972.9,-11.98,1
699,3972.45,4.17,1
700,3975.6,31.61,1
701,3983.99,30.93,1
702,3976.4,-18.23,1
703,3966.94,1.31,1
704,3967.56,28.49,1
705,3972.57,0.52,1
706,3972.19,7.08,1
707,3968.99,-8.96,1
708,3968.37,38.01,1
709,3975.81,-0.56,1
710,3969.65,21.55,1
711,3969.41,-6.63,1
712,3961.9,35.47,1
713,3969.92,-9.51,1
714,3975.67,5.21,1
715,3974.22,7.65,1
716,3982.37,37.12,1
717,3973.06,38.46,1
718,3966.81,-10.51,1
719,3969.25,-14.67,1
720,3962.18,17.18,1
721,3952.88,-18.34,1
722,3953.1,-12.32,1
723,3954.44,-6.57,1
724,3951.98,34.61,1
725,3961.13,12.33,1
726,3954.02,31.64,1
727,3949.22,12.79,1
728,3942.27,15.83,1
729,3936.65,-10.2,1
730,3944.18,31.76,1
731,3943.3,-14.03,1
732,3942.88,-18.24,1
733,3933.08,20.87,1
734,3925.85,7.88,1
735,3926.68,24.67,1
736,3931.65,-2.82,1
737,3934.43,-2.27,1
738,3937.52,4.02,1
739,3931.97,21.51,1
740,3939.68,-0.2,1
741,3934.36,35.37,1
742,3941.16,25.05,1
743,3949.13,24.64,1
744,3951.66,-15.32,1
745,3954.43,35.57,1
746,3946.38,-2.91,1
747,3938.61,21.3,1
748,3939.12,24.83,1
749,3944.03,28.44,1
750,3950.1,-1.19,1
751,3945.97,29.68,1
752,3939.2,-5.87,1
753,3946.69,2.52,1
754,3955.26,39.87,1
755,3962.48,33.4,1
756,3961.14,14.24,1
757,3951.6,35.05,1
758,3955,-3.16,1
759,3963.01,34.28,1
760,3970.58,34.04,1
761,3965.61,13.59,1
762,3964.02,0.19,1
763,3962.61,38.13,1
764,3959.94,-18.79,1
765,3956.5,28.22,1
766,3961.08,-17.44,1
767,3963.9,5,1
768,3956.04,-9.83,1
769,3962.47,-5.85,1
770,3970.76,23.81,1
771,3965.2,32.12,1
772,3962.28,10.15,1
773,3968.41,1.45,1
774,3962.04,25.88,1
775,3954.59,4.76,1
776,3964.27,27.25,1
777,3969.85,35.38,1
778,3974.33,-14.94,1
779,3981.49,2.45,1
780,3984.49,8.13,1
781,3987.72,18.79,1
782,3994.58,-10.77,1
783,3995.65,-8.58,1
784,3992.43,-17.66,1
785,3994.75,-13.79,1
786,3988.83,4.27,1
787,3984.63,31.46,1
788,3977.45,-10.54,1
789,3976.49,11.85,1
790,3983.52,29.36,1
791,3982.75,17.5,1
792,3978.99,-0.08,1
793,3979.64,30.2,1
794,3983.53,23.58,1
795,3974.29,29.1,1
796,3965.61,29.69,1
797,3962.58,-15.05,1
798,3971.58,37.8,1
799,3978.15,38.52,1
800,3980.18,19.81,1
801,3982.08,-15.57,1
802,3984.72,-19.61,1
803,3985.25,15.73,1
804,3984.57,7.46,1
805,3976.15,-14.98,1
806,3981.09,25.49,1
807,3972.93,38.96,1
808,3967.81,16.16,1
809,3971.37,39.65,1
810,3977.77,-0.74,1
811,3983.36,33.48,1
812,3976.18,4.09,1
813,3978.24,-14.16,1
814,3981.53,-10.36,1
815,3983.69,6.56,1
816,3976.02,25.19,1
817,3976.51,9.7,1
818,3976.01,-6.23,1
819,3977.49,-7.01,1
820,3975.37,38.94,1
821,3978.41,38.78,1
822,3987.47,26.67,1
823,3996.92,37.8,1
824,3991.74,-8.11,1
825,3988.78,20.23,1
826,3989.71,18.35,1
827,3997.89,26.79,1
828,3997.94,6.11,1
829,3993.49,15.31,1
830,3984.69,32.99,1
831,3985.06,19.15,1
832,3994.41,8.47,1
833,3985.96,32.82,1
834,3985.4,20.5,1
835,3991.81,-12.69,1
836,3991.71,37.34,1
837,3999.92,24.89,1
838,3994.78,-15.96,1
839,3990.53,3.59,1
840,3990.09,15.74,1
841,3986.56,24.26,1
842,3990.83,-4.61,1
843,3987.86,-13.56,1
844,3995.52,19.59,1
845,4002.58,-19.86,1
846,3993.51,23.43,1
847,3992.7,-6.6,1
848,3984.18,24.61,1
849,3984.05,15.58,1
850,3992.77,16.28,1
851,3999.94,-10.89,1
852,4008.65,-15.69,1
853,4015.15,30.64,1
854,4021.55,-1.16,1
855,4027.51,-13.41,1
856,4035.35,-12.28,1
857,4042.29,-14.33,1
858,4049.59,6.81,1
859,4057.54,-18.65,1
860,4064.67,-15,1
861,4070,-10.37,1
862,4078.96,-13.26,1
863,4084.27,17.7,1
864,4092.07,-0.35,1
865,4101.09,1.11,1
866,4108.41,33.07,1
867,4114.04,12.98,1
868,4120.13,13.37,1
869,4126,14.06,1
870,4134.81,28.23,1
871,4143.95,-17.19,1
872,4150.32,7.33,1
873,4159.23,34.18,1
874,4164.99,-1.03,1
875,4173.07,8.52,1
876,4182.15,19.76,1
877,4188.61,21.71,1
878,4195.99,6.59,1
879,4203.81,16.04,1
880,4211.91,19.75,1
881,4220.9,23.58,1
882,4226.89,-19.21,1
883,4235.19,34.07,1
884,4243.33,-19.26,1
885,4249.12,3.17,1
886,4254.34,-14.21,1
887,4263.25,22.3,1
888,4271.97,24.06,1
889,4280.97,6.89,1
890,4287.63,-17.6,1
891,4293.88,-5.06,1
892,4302.33,8.31,1
893,4309.93,24.08,1
894,4316.87,23.32,1
895,4325.57,25.76,1
896,4331.02,20.21,1
897,4339.08,-18,1
898,4346.21,24.35,1
899,4352.17,2.2,1
900,4358.95,2.86,1
901,4364.58,33.01,1
902,4371.87,-17.13,1
903,4377.73,12.74,1
904,4384.02,16.9,1
905,4390.24,17.26,1
906,4397.85,-12.52,1
907,4403.38,16.38,1
908,4410.87,-4.8,1
909,4416.78,-0.75,1
910,4424.6,29.13,1
911,4430.21,-3.34,1
912,4438.45,22.73,1
913,4444.63,-9.08,1
914,4452.82,-19.88,1
915,4461.53,15.24,1
916,4466.96,14.13,1
917,4472.98,25.39,1
918,4481.26,23.04,1
919,4489.84,28.86,1
920,4495.16,-13.72,1
921,4500.58,-13.46,1
922,4508,22.41,1
923,4514.17,-10.72,1
924,4521.56,38.05,1
925,4527.9,31.24,1
926,4534.38,-15.44,1
927,4541.87,35.7,1
928,4549.62,-4.82,1
929,4556.81,37.76,1
930,4565.04,29.14,1
931,4572.62,14.5,1
932,4580.7,-7.45,1
933,4589.72,23.84,1
934,4597.62,2.59,1
935,4604.02,-0.45,1
936,4610.32,-13.04,1
937,4615.64,15.55,1
938,4621.6,-5.15,1
939,4628.29,-9.6,1
940,4635.54,10.93,1
941,4641.7,1.1,1
942,4648.82,-5.09,1
943,4654.5,29.5,1
944,4660.71,3,1
945,4668.21,19.23,1
946,4674.82,3.37,1
947,4683.21,9.56,1
948,4691.23,3.15,1
949,4697.01,1.72,1
950,4705.8,6.77,1
951,4711.92,-2.69,1
952,4718.71,-9.85,1
953,4725.36,16.05,1
954,4733.59,-3.48,1
955,4740.36,-1.6,1
956,4746.55,38.96,1
957,4754.37,37.38,1
958,4762.34,13.87,1
959,4770.53,20.65,1
960,4778.5,-5.17,1
961,4785.61,24.05,1
962,4793.93,20.27,1
963,4800.48,25.65,1
964,4807.59,1.54,1
965,4813.16,8.97,1
966,4822.1,2.49,1
967,4830.66,-4.9,1
968,4836.08,-12.23,1
969,4842.94,25.98,1
970,4848.55,12.96,1
971,4856.98,-19.93,1
972,4863.28,21.56,1
973,4872.43,-7.39,1
974,4878.13,38.63,1
975,4883.51,-6.43,1
976,4888.69,-10.57,1
977,4895.14,6.71,1
978,4902.65,18.2,1
979,4909.49,2.44,1
980,4918.63,32.62,1
981,4926.81,32.17,1
982,4933.1,2.88,1
983,4940.07,-4.35,1
984,4945.57,-14.57,1
985,4951.21,35.77,1
986,4956.42,29.73,1
987,4965.37,8.99,1
988,4971.59,6.06,1
989,4980.34,12.77,1
990,4986.46,-9.49,1
991,4992.73,31.51,1
992,4999.51,-10.08,1
993,5000,27.15,1
994,5000,21.54,1
995,5000,36.56,1
996,5000,13.12,1
997,5000,-9.69,1
998,5000,-7.63,1
999,5000,21.54,1
1000,4998.42,-15.04,1
1001,5005.73,0.92,1
1002,4998.24,20.09,1
1003,5007.51,28.76,1
1004,5008.3,18.16,1
1005,5009.5,16.99,1
1006,5006.34,7.31,1
1007,5003.38,-0.3,1
1008,4994.43,19.03,1
1009,4991.8,12.93,1
1010,4999.49,14.55,1
1011,4997.71,4.21,1
1012,4992.34,18.51,1
1013,4984.89,9.64,1
1014,4993.88,23.29,1
1015,4997.36,-16.27,1
1016,5004.19,-6.6,1
1017,4995.15,22.95,1
1018,4993.61,30.99,1
1019,4988.32,-12.88,1
1020,4987.09,4.08,1
1021,4997.07,36.5,1
1022,4990.71,-19.11,1
1023,4986.11,-0.59,1
1024,4994.14,32.32,1
1025,5002.75,5.7,1
1026,5010.99,15.47,1
1027,5018.23,9.22,1
1028,5024.46,20.9,1
1029,5027.02,-8.87,1
1030,5031.71,22.69,1
1031,5032.19,8.63,1
1032,5034.13,-13.77,1
1033,5039.15,26.71,1
1034,5045,-5.44,1
1035,5049.57,-2.97,1
1036,5049.13,5.77,1
1037,5042.62,5.21,1
1038,5052.05,17.24,1
1039,5059.76,24.74,1
1040,5063.86,-16.53,1
1041,5066.99,23.06,1
1042,5071.6,5.03,1
1043,5068.75,23.42,1
1044,5074.5,-13.95,1
1045,5066.57,31.88,1
1046,5066.38,21.73,1
1047,5057.5,-14.69,1
1048,5060.13,18.63,1
1049,5060.73,9.79,1
1050,5059.05,-18.97,1
1051,5058.6,13.87,1
1052,5066.86,-7.28,1
1053,5069.56,25.57,1
1054,5061.34,5.51,1
1055,5062.39,36.01,1
1056,5065.94,34.32,1
1057,5071.88,0.66,1
1058,5064.82,13.62,1
1059,5066.4,-7.41,1
1060,5058.58,37.77,1
1061,5058.72,-19.33,1
1062,5065.95,4.68,1
1063,5073.81,10.74,1
1064,5080.88,37.67,1
1065,5082.26,38.66,1
1066,5084.77,29.49,1
1067,5093.89,-5.67,1
1068,5099.51,29.68,1
1069,5093.09,36.9,1
1070,5085.59,20.39,1
1071,5076.12,11.65,1
1072,5066.24,27.31,1
1073,5061.93,23.27,1
1074,5056.66,11.39,1
1075,5064.77,10.3,1
1076,5067.73,36.71,1
1077,5066.04,-14.4,1
1078,5057.01,7.26,1
1079,5059.86,-15.73,1
1080,5065.72,28.79,1
1081,5063.53,36.97,1
1082,5063.66,-11.05,1
1083,5054.6,39.8,1
1084,5052.58,24.22,1
1085,5044.63,2.6,1
1086,5035.76,-18.54,1
1087,5042.88,9.99,1
1088,5036.77,15.97,1
1089,5037.12,24.23,1
1090,5040.75,-17.15,1
1091,5034.05,-0.68,1
1092,5032.63,11.25,1
1093,5042.34,-7.52,1
1094,5039.43,13.3,1
1095,5030.71,-3.67,1
1096,5022.02,9.39,1
1097,5019.64,14.53,1
1098,5013.86,-19.92,1
1099,5017.67,-11.4,1
1100,5009.7,13.98,1
1101,5007.11,-10.04,1
1102,5006.85,6.66,1
1103,5012.64,28.93,1
1104,5017.64,-18.61,1
1105,5024.11,26.1,1
1106,5022.18,25.27,1
1107,5030.56,24.32,1
1108,5040.11,13.77,1
1109,5041.73,21.34,1
1110,5045.48,30.2,1
1111,5047.4,29.32,1
1112,5044.22,-13.23,1
1113,5044.36,18.63,1
1114,5046.8,5.94,1
1115,5052.59,-19.11,1
1116,5048.99,22.13,1
1117,5053.75,-19.13,1
1118,5051,24.73,1
1119,5051.81,28.61,1
1120,5042.3,-17.65,1
1121,5039.95,17.21,1
1122,5042.82,37.46,1
1123,5034.54,-9.88,1
1124,5028.95,-5.27,1
1125,5037.92,-3.32,1
1126,5036.44,39.31,1
1127,5027.73,18.66,1
1128,5034.77,29.1,1
1129,5040.05,-2.77,1
1130,5045.99,-19.41,1
1131,5053.53,-4.87,1
1132,5051.62,1.27,1
1133,5057.2,4.9,1
1134,5062.41,7.32,1
1135,5067.39,12.86,1
1136,5068.74,18.76,1
1137,5069.78,32.8,1
1138,5066.69,13.35,1
1139,5075,24,1
1140,5081.71,-14.54,1
1141,5071.85,-12.95,1
1142,5074.13,6.09,1
1143,5081.66,22.88,1
1144,5080.41,-17.18,1
1145,5076.1,39.49,1
1146,5080.59,36.25,1
1147,5089.98,1.84,1
1148,5098.87,-15.51,1
1149,5090.57,28.38,1
1150,5094.24,28.5,1
1151,5086.58,37.12,1
1152,5079.7,31.99,1
1153,5074.53,30.17,1
1154,5075.12,21.35,1
1155,5081.66,-10.3,1
1156,5088.62,39.19,1
1157,5090.36,22.09,1
1158,5089.63,-4.95,1
1159,5083.47,-8.02,1
1160,5089.68,35.02,1
1161,5099.14,28.98,1
1162,5092.48,8.14,1
1163,5097.56,3.73,1
1164,5094.43,35.28,1
1165,5091.45,3.03,1
1166,5082.81,34.58,1
1167,5088.14,26.97,1
1168,5090.44,-10.82,1
1169,5089.13,31.02,1
1170,5086.3,31,1
1171,5095.76,-7.28,1
1172,5086.57,0.37,1
1173,5095.26,-0.28,1
1174,5093.58,14.19,1
1175,5095.77,28.53,1
1176,5091.76,17.89,1
1177,5096.49,6.78,1
1178,5099.91,6.9,1
1179,5092.34,-14.72,1
1180,5097.65,11.14,1
1181,5095.8,17.64,1
1182,5088.88,-4.49,1
1183,5098.87,38.68,1
1184,5090.9,-9.41,1
1185,5082.5,16.27,1
1186,5072.73,7.22,1
1187,5076.99,37.18,1
1188,5085.71,29.58,1
1189,5081.78,37.97,1
1190,5091.53,-2.74,1
1191,5095.07,32.96,1
1192,5099.97,-14.97,1
1193,5093.72,32.2,1
1194,5087.96,25.62,1
1195,5083.28,1.12,1
1196,5086.82,-11.76,1
1197,5084.73,21.34,1
1198,5087.28,-11.78,1
1199,5086.55,37.87,1
1200,5077.28,23.49,1
1201,5074.46,-12.06,1
1202,5072.07,3.96,1
1203,5080.78,6.03,1
1204,5079.49,-12.78,1
1205,5086.33,18.51,1
1206,5094.41,28.32,1
1207,5084.53,22.09,1
1208,5076.73,10.37,1
1209,5080.55,14.63,1
1210,5081.71,39.46,1
1211,5090.43,-16.83,1
1212,5088.05,5.14,1
1213,5083.45,1.11,1
1214,5091.62,16.68,1
1215,5084.2,35.62,1
1216,5089.61,19.92,1
1217,5081.61,0.96,1
1218,5090.34,14.41,1
1219,5097.79,29.87,1
1220,5095.18,34.25,1
1221,5099.33,25.4,1
1222,5098.69,39.86,1
1223,5092.01,24.4,1
1224,5090.73,20.73,1
1225,5099.46,-11.59,1
1226,5099.78,1.63,1
1227,5093.89,5.1,1
1228,5086.32,17.61,1
1229,5081.03,-19.7,1
1230,5080.74,-0.23,1
1231,5083.17,9.04,1
1232,5080.89,5.65,1
1233,5075.75,23.44,1
1234,5082.8,4.85,1
1235,5090.17,2.96,1
1236,5098.94,5.77,1
1237,5096.34,21.1,1
1238,5095.92,2.3,1
1239,5098.49,-15.75,1
1240,5092.82,1.04,1
1241,5089.15,1.94,1
1242,5098.23,24.59,1
1243,5097.61,37.44,1
1244,5090.03,-18.31,1
1245,5093.83,-12.93,1
1246,5092.78,32.7,1
1247,5092.8,-13.64,1
1248,5097.73,-17.6,1
1249,5095.72,22.56,1
1250,5087.76,10.97,1
1251,5097.63,7.68,1
1252,5099.7,28.31,1
1253,5096.63,22.47,1
1254,5098.37,14.83,1
1255,5093.83,-17.17,1
1256,5091.86,-7.61,1
1257,5095.73,27.17,1
1258,5094.53,33.34,1
1259,5084.65,1.69,1
1260,5082.83,10.05,1
1261,5077.24,-18.64,1
1262,5071.36,37.89,1
1263,5073.37,20.56,1
1264,5063.94,-7.66,1
1265,5054.4,-12.19,1
1266,5051.3,-2.71,1
1267,5052.13,-18.73,1
1268,5046.76,-18.07,1
1269,5054.88,36.14,1
1270,5063.72,-8.95,1
1271,5061.42,25.22,1
1272,5069.97,-14.36,1
1273,5071.84,-2.6,1
1274,5079.25,0.92,1
1275,5078.48,-15.16,1
1276,5080.1,-4.22,1
1277,5072.37,39.5,1
1278,5074.03,18.22,1
1279,5080.75,21.78,1
1280,5081.02,-8.1,1
1281,5075.62,9.85,1
1282,5068.37,-18.46,1
1283,5072.01,39.79,1
1284,5076.62,-13.4,1
1285,5083.15,27.4,1
1286,5077.29,22.24,1
1287,5079,-17.11,1
1288,5077.83,27.14,1
1289,5074.72,11.26,1
1290,5075.31,-2.51,1
1291,5066.25,-14.16,1
1292,5069.02,17.49,1
1293,5063.47,29.42,1
1294,5064.3,-11.75,1
1295,5055.72,19.72,1
1296,5054.94,-13.74,1
1297,5052.05,12.17,1
1298,5045.29,-13.14,1
1299,5044.88,-16.35,1
1300,5036.64,2.83,1
1301,5027.6,12.98,1
1302,5021,8.54,1
1303,5014.12,-1.71,1
1304,5007.17,-4.35,1
1305,5000.1,34.55,1
1306,4993.5,25.66,1
1307,4986.63,-19.23,1
1308,4977.85,15.02,1
1309,4970.85,-19.63,1
1310,4964.5,8.05,1
1311,4957.02,24.52,1
1312,4947.78,-2.37,1
1313,4938.06,-16.61,1
1314,4930.91,23.22,1
1315,4921.72,28.4,1
1316,4914.41,11.63,1
1317,4904.99,11.62,1
1318,4896.83,8.44,1
1319,4887.19,10.55,1
1320,4877.96,15.34,1
1321,4871.22,34.63,1
1322,4863.92,31.99,1
1323,4854.38,30.01,1
1324,4845.2,13.06,1
1325,4838.1,-14.4,1
1326,4829.45,31.95,1
1327,4819.91,-6.68,1
1328,4810.07,15.62,1
1329,4801.93,-16.71,1
1330,4795.11,-13.14,1
1331,4788.11,27.4,1
1332,4778.23,4.62,1
1333,4770.16,33.13,1
1334,4761.83,-16.86,1
1335,4755.15,15.21,1
1336,4747.77,32.6,1
1337,4740.02,39.12,1
1338,4731.33,24.81,1
1339,4724.02,-9.02,1
1340,4716.87,10.58,1
1341,4708.44,-1.99,1
1342,4701.22,35.9,1
1343,4694.24,28.49,1
1344,4686.43,24.83,1
1345,4679.85,-11.69,1
1346,4670.49,-4.13,1
1347,4663.72,20.99,1
1348,4654.05,25.02,1
1349,4645.71,-0.97,1
1350,4638.42,39.04,1
1351,4628.61,-2.34,1
1352,4621.21,15.07,1
1353,4612.84,-4.77,1
1354,4604.93,-7.41,1
1355,4596.61,-17.07,1
1356,4586.85,-0.78,1
1357,4577.69,0.91,1
1358,4568.15,3.12,1
1359,4560.82,25.84,1
1360,4551.27,13,1
1361,4543.88,-11.43,1
1362,4537.01,8.19,1
1363,4528.99,11.72,1
1364,4521,23.98,1
1365,4511.72,31.13,1
1366,4501.79,26.08,1
1367,4493.44,27.83,1
1368,4484.59,16.22,1
1369,4474.64,17.26,1
1370,4465.54,3.12,1
1371,4455.8,19.71,1
1372,4445.89,-9.92,1
1373,4437.19,21.76,1
1374,4429.35,15.85,1
1375,4420.65,8.19,1
1376,4411.52,33.06,1
1377,4404.32,22.22,1
1378,4395.19,-17.25,1
1379,4386.77,-1.66,1
1380,4379.71,11.79,1
1381,4369.85,23.23,1
1382,4361.32,-7.19,1
1383,4354.73,37.31,1
1384,4346.62,36.66,1
1385,4337.09,9.73,1
1386,4328.74,25.97,1
1387,4318.88,1.49,1
1388,4310.57,39.82,1
1389,4301.49,-12.29,1
1390,4294.78,25.6,1
1391,4285.57,-11.49,1
1392,4277.68,18.22,1
1393,4267.8,-4.86,1
1394,4260.05,1.11,1
1395,4250.24,23.62,1
1396,4241.93,2.31,1
1397,4234.77,-17.63,1
1398,4227.49,-11.28,1
1399,4218.54,-18.01,1
1400,4210.87,20.17,1
1401,4204.32,13.27,1
1402,4194.9,7.21,1
1403,4185.35,-11.8,1
1404,4178.33,22.82,1
1405,4168.88,1.34,1
1406,4160,-3.46,1
1407,4151.91,10.09,1
1408,4143.45,-4.08,1
1409,4133.4,34.34,1
1410,4124.68,26.46,1
1411,4114.74,-4.67,1
1412,4104.82,31.04,1
1413,4096.9,27.86,1
1414,4089.04,-10.01,1
1415,4079.31,38.2,1
1416,4070.47,-13,1
1417,4064.12,13.02,1
1418,4054.42,10.47,1
1419,4045.6,13.79,1
1420,4037.54,-9.38,1
1421,4030.42,10.44,1
1422,4022.01,-15.19,1
1423,4013.11,21.35,1
1424,4003.03,23.83,1
1425,3993.51,34.52,1
1426,3983.85,-8.5,1
1427,3975.11,21.53,1
1428,3967,37.42,1
1429,3957.05,37.48,1
1430,3948.53,28.38,1
1431,3941.57,16.4,1
1432,3931.46,25.14,1
1433,3924.16,13.91,1
1434,3917.29,-5.73,1
1435,3907.85,8.32,1
1436,3898.09,-10.12,1
1437,3887.97,-7.78,1
1438,3880.98,9,1
1439,3873.75,-3.6,1
1440,3865.8,19.89,1
1441,3859.41,22.69,1
1442,3851.84,33.28,1
1443,3844.68,-3.88,1
1444,3837.53,-17.02,1
1445,3829.75,2.37,1
1446,3822.28,35.69,1
1447,3815.22,20.92,1
1448,3808.87,14.57,1
1449,3802.37,20.54,1
1450,3795.62,-0.52,1
1451,3787.59,-17.24,1
1452,3778.41,-18.87,1
1453,3770.97,5.3,1
1454,3764.26,11.65,1
1455,3757.56,6.46,1
1456,3747.57,28.39,1
1457,3737.85,-8.91,1
1458,3730.16,16.47,1
1459,3720.07,1.87,1
1460,3712.72,-0.29,1
1461,3705.96,-15.83,1
1462,3697.54,14.3,1
1463,3688.34,6.81,1
1464,3679.83,-12.41,1
1465,3671.4,36.92,1
1466,3663.91,27.82,1
1467,3657.21,21.9,1
1468,3648.16,-3.21,1
1469,3639.26,-4.88,1
1470,3629.15,18.34,1
1471,3621.51,8.72,1
1472,3612.1,-19.65,1
1473,3602.66,13.12,1
1474,3593.84,-18.97,1
1475,3585.55,-15.82,1
1476,3576.21,-6.85,1
1477,3569.2,26.82,1
1478,3559.56,37.53,1
1479,3551.76,14.4,1
1480,3541.89,-3.26,1
1481,3534.2,-13.11,1
1482,3524.13,-13.61,1
1483,3515.11,-5.45,1
1484,3507.74,2.21,1
1485,3499.53,31.17,1
1486,3490.01,39.12,1
1487,3483.43,26.75,1
1488,3475.39,37.45,1
1489,3468.31,-4.81,1
1490,3459.26,4.85,1
1491,3450.64,-12.5,1
1492,3441.52,-12.35,1
1493,3432.36,26.66,1
1494,3422.12,-2.53,1
1495,3415.09,19.16,1
1496,3407.13,28.28,1
1497,3400.49,20.83,1
1498,3391.3,31.34,1
1499,3384.46,21.37,1
1500,3376.86,24.76,1
1501,3369.64,26.32,1
1502,3359.63,-5.32,1
1503,3350.93,-1.45,1
1504,3342.88,-0.08,1
1505,3334,1.1,1
1506,3324.75,-10.43,1
1507,3314.47,22.9,1
1508,3306.88,18.51,1
1509,3298.25,3.35,1
1510,3291.77,12.77,1
1511,3284.88,27.93,1
1512,3277.98,3.69,1
1513,3268.38,-4.67,1
1514,3259.67,-8.19,1
1515,3252.08,6.86,1
1516,3244.58,21.66,1
1517,3238.2,38.12,1
1518,3228.64,-10.42,1
1519,3219.1,10.06,1
1520,3211.44,34.03,1
1521,3201.17,-1.19,1
1522,3192.22,-4.93,1
1523,3185.09,-6.59,1
1524,3175.49,-8.78,1
1525,3167.73,-15.22,1
1526,3159.51,-2.99,1
1527,3149.85,-12.62,1
1528,3140.51,-9.65,1
1529,3132.87,12.1,1
1530,3123.99,0.39,1
1531,3114.32,33.33,1
1532,3105.55,-11.64,1
1533,3098.3,36.56,1
1534,3090.98,21.84,1
1535,3082.21,30.62,1
1536,3075.86,34.89,1
1537,3068.02,39.26,1
1538,3060.73,5.25,1
1539,3052.06,38.85,1
1540,3042.73,-1.4,1
1541,3035.88,-7.58,1
1542,3028.98,26.49,1
1543,3020.39,-19.34,1
1544,3011.53,17.08,1
1545,3003.28,-6.66,1
1546,3000,-17.41,1
1547,3000,24.86,1
1548,3000,20.94,1
1549,3000,-13.06,1
1550,3004.19,-9.16,1
1551,2995.89,10.47,1
1552,2990.51,13.6,1
1553,2982.96,35.5,1
1554,2979.18,-4.21,1
1555,2989.08,37.08,1
1556,2994.89,25.23,1
1557,2993.82,-16.34,1
1558,2993.51,1.68,1
1559,2985.63,5.28,1
1560,2980.82,-14.31,1
1561,2990.61,33.84,1
1562,2991.5,24.68,1
1563,2984.42,-3.25,1
1564,2975.67,33.62,1
1565,2975.35,28.3,1
1566,2966.98,21,1
1567,2962.59,-8.94,1
1568,2965.17,31.67,1
1569,2965.54,37.35,1
1570,2967.78,38.71,1
1571,2976.83,20.33,1
1572,2972.31,-16.58,1
1573,2965.66,-7.66,1
1574,2965.9,35.95,1
1575,2957.63,26.43,1
1576,2966.12,-1.88,1
1577,2962.2,-7.27,1
1578,2972.06,21.93,1
1579,2964.69,13.63,1
1580,2973.37,-2.09,1
1581,2966.57,36.33,1
1582,2967.05,4.82,1
1583,2974.86,29.34,1
1584,2973.9,36.62,1
1585,2975.23,-18.35,1
1586,2965.55,-9.47,1
1587,2970.18,9.92,1
1588,2978.54,38.09,1
1589,2973.26,8.09,1
1590,2970.67,31.24,1
1591,2977.35,-9.28,1
1592,2982.38,17.34,1
1593,2977.3,-10.3,1
1594,2982.56,-6.47,1
1595,2973.82,2.21,1
1596,2977.09,-12.12,1
1597,2971.62,28.24,1
1598,2967.27,11.23,1
1599,2965.86,24.88,1
1600,2963.38,-12.51,1
1601,2957.27,-3.8,1
1602,2948.32,-5.46,1
1603,2946.87,-6.01,1
1604,2956.24,39.32,1
1605,2962.76,20.03,1
1606,2957.74,39.26,1
1607,2960.54,17.08,1
1608,2955.23,-8.53,1
1609,2949.44,20.73,1
1610,2950.82,33.32,1
1611,2942.52,13.38,1
1612,2933.43,-5.32,1
1613,2936.7,25.85,1
1614,2927.1,13.1,1
1615,2931.09,17.04,1
1616,2926.94,20.87,1
1617,2922.85,11.11,1
1618,2917.11,-5.06,1
1619,2921.45,32.88,1
1620,2915.65,-4.27,1
1621,2908.3,0.37,1
1622,2903.49,29.52,1
1623,2901.09,11.8,1
1624,2909.39,2.75,1
1625,2906.18,0.15,1
1626,2911.65,-18.54,1
1627,2918.41,33.46,1
1628,2912.44,28.76,1
1629,2910.28,11.55,1
1630,2910.81,30.32,1
1631,2911.98,23.71,1
1632,2913.51,-10.65,1
1633,2909.8,-6.13,1
1634,2905.67,4.95,1
1635,2914.65,36.41,1
1636,2906.06,2.02,1
1637,2905.48,18.98,1
1638,2900.58,22.66,1
1639,2909.21,5.53,1
1640,2904.96,31.52,1
1641,2913.68,-19.46,1
1642,2923.46,17.29,1
1643,2916.54,7.02,1
1644,2920.96,3.57,1
1645,2928.87,23.58,1
1646,2919.25,-7.57,1
1647,2922.64,-3.24,1
1648,2919.65,8.5,1
1649,2926.18,34.98,1
1650,2918.29,2.95,1
1651,2925.57,2.84,1
1652,2927.89,34.86,1
1653,2921,37.35,1
1654,2926.06,-2.25,1
1655,2923.2,-17.95,1
1656,2927.23,-15.62,1
1657,2929.27,8.26,1
1658,2922.55,38.36,1
1659,2914.66,12.39,1
1660,2920.87,7.24,1
1661,2928.41,-0.56,1
1662,2935.55,21.32,1
1663,2942.23,16.63,1
1664,2938.61,23.22,1
1665,2935.39,-11.59,1
1666,2945.14,-3.58,1
1667,2948.61,21.52,1
1668,2953.51,-11.59,1
1669,2959.9,38.48,1
1670,2954.66,34.54,1
1671,2944.71,9.05,1
1672,2942.08,-9.13,1
1673,2938.22,-17.14,1
1674,2939.89,38.17,1
1675,2937.38,0.64,1
1676,2942.69,38.16,1
1677,2939.91,6.84,1
1678,2943.97,28.37,1
1679,2952.83,9.26,1
1680,2946.45,-5.23,1
1681,2942.36,12.03,1
1682,2950.45,-11.87,1
1683,2949.78,39.88,1
1684,2955.91,16.95,1
1685,2953.82,7.59,1
1686,2944.17,10.93,1
1687,2949.43,38.39,1
1688,2940.94,-13.55,1
1689,2933.96,4.81,1
1690,2933.75,-4.62,1
1691,2927.17,23.25,1
1692,2921,26.65,1
1693,2930.13,-10.96,1
1694,2921.01,-16.52,1
1695,2915.99,27.4,1
1696,2911.71,32.02,1
1697,2913.23,18.93,1
1698,2916.43,14.39,1
1699,2916.46,1.1,1
1700,2916.32,35.52,1
1701,2911.87,9.06,1
1702,2919,0.04,1
1703,2914.7,26.77,1
1704,2911.36,17.62,1
1705,2905.72,12.21,1
1706,2907.08,10.13,1
1707,2908.45,-6.55,1
1708,2905.34,17.72,1
1709,2906.62,23.56,1
1710,2905.18,25.14,1
1711,2914.45,1.66,1
1712,2924.34,-6.94,1
1713,2919.44,14.33,1
1714,2916.32,13.6,1
1715,2918.91,2.59,1
1716,2927.41,-6.87,1
1717,2931.53,-10.37,1
1718,2929.95,-0.68,1
1719,2925.23,37.73,1
1720,2924.13,28.27,1
1721,2918.55,-16.36,1
1722,2912.89,23.61,1
1723,2916.02,7.14,1
1724,2925.28,5.03,1
1725,2920,-19.62,1
1726,2929.27,39.58,1
1727,2921.38,-13.19,1
1728,2922.88,25.06,1
1729,2919.56,12.49,1
1730,2927.9,17.72,1
1731,2936.88,1.52,1
1732,2931.03,23.4,1
1733,2926.66,16.8,1
1734,2932.88,-1.16,1
1735,2928.23,17.52,1
1736,2924.81,-5.63,1
1737,2924.11,13.83,1
1738,2914.14,-19.54,1
1739,2919.56,27.34,1
1740,2914.02,-18.44,1
1741,2913.11,-8.56,1
1742,2904.24,4.85,1
1743,2913.4,38.63,1
1744,2907.6,-12.89,1
1745,2908.96,33.83,1
1746,2904,15.87,1
1747,2905.6,36.48,1
1748,2907.08,-13.12,1
1749,2900.33,12.53,1
1750,2901.1,25.19,1
1751,2904.23,19.48,1
1752,2909.28,23.52,1
1753,2917,-17.21,1
1754,2907.57,15.55,1
1755,2905.73,13.55,1
1756,2905.19,-18.65,1
1757,2901.93,25.31,1
1758,2907.38,-2.57,1
1759,2900.24,37.76,1
1760,2901.15,26.44,1
1761,2908.85,-2.92,1
1762,2908.64,-5,1
1763,2912.91,23.09,1
1764,2907.23,25.06,1
1765,2903.88,-11.4,1
1766,2909.79,-11.69,1
1767,2913.23,-12.99,1
1768,2917.56,39.37,1
1769,2914.89,19.38,1
1770,2923.66,-8.06,1
1771,2924.94,3.55,1
1772,2922.1,33.66,1
1773,2923.53,-18.39,1
1774,2923.27,-11.23,1
1775,2915.09,19.96,1
1776,2908.31,11.65,1
1777,2912.64,-0.76,1
1778,2907.12,-9.39,1
1779,2906.04,17.57,1
1780,2904.2,-7.83,1
1781,2908.56,15.6,1
1782,2900.67,23.96,1
1783,2901.37,23.66,1
1784,2909.81,21.89,1
1785,2909.48,33.26,1
1786,2915.79,20.95,1
1787,2905.85,30.9,1
1788,2915.44,-17.99,1
1789,2921.7,20.68,1
1790,2922.4,35.09,1
1791,2932.2,-2.3,1
1792,2940.2,18.07,1
1793,2935.74,18.25,1
1794,2940.62,32.98,1
1795,2941.39,12.22,1
1796,2941.32,-6.79,1
1797,2943.08,21.59,1
1798,2941.68,37.89,1
1799,2947.05,27.32,1
1800,2943.38,20.88,1
1801,2941.02,-8.71,1
1802,2938.24,32.4,1
1803,2935.04,37.39,1
1804,2934.73,33.85,1
1805,2931.4,-14.45,1
1806,2930.93,4.74,1
1807,2929.18,24.87,1
1808,2926.42,38.5,1
1809,2925.93,4.3,1
1810,2922.89,1.43,1
1811,2921.13,11.78,1
1812,2920.08,32.32,1
1813,2918.11,13.97,1
1814,2914.33,29.16,1
1815,2912.51,-7.3,1
1816,2909.25,22.33,1
1817,2906.62,35.47,1
1818,2903.91,-15.84,1
1819,2903.79,23.02,1
1820,2900.48,-13.93,1
1821,2898.72,39.88,1
1822,2898.59,17.07,1
1823,2895.64,-16.62,1
1824,2892.19,38.97,1
1825,2888.44,-1.01,1
1826,2887.25,11.7,1
1827,2886.4,11.27,1
1828,2885.6,-14.38,1
1829,2883.29,36.65,1
1830,2881.49,27.66,1
1831,2880.11,37.58,1
1832,2878.7,12.13,1
1833,2875.89,-4.78,1
1834,2874.77,32.14,1
1835,2871.71,-12.84,1
1836,2869.75,-12.25,1
1837,2866.87,25.54,1
1838,2865.46,-12.23,1
1839,2864,-10.03,1
1840,2860.83,24.14,1
1841,2858.8,-5.73,1
1842,2857.52,11.99,1
1843,2857.61,-14.49,1
1844,2854,37.83,1
1845,2852.66,12.32,1
1846,2852.49,16.02,1
1847,2850.74,19.8,1
1848,2848.25,27.3,1
1849,2845.86,-4.76,1
1850,2842.12,0.06,1
1851,2841.25,39.94,1
1852,2838.38,-2.45,1
1853,2835.06,7.18,1
1854,2832.79,37.56,1
1855,2830.02,11.39,1
1856,2827.62,32.5,1
1857,2826.72,-1.75,1
1858,2825.71,-6.5,1
1859,2822.47,11.44,1
1860,2820.67,10.07,1
1861,2817.65,4.93,1
1862,2817.83,-14.4,1
1863,2814.74,16.88,1
1864,2814.9,3.72,1
1865,2811.15,-6.47,1
1866,2809.97,-4.86,1
1867,2807.87,15.86,1
1868,2807.69,-15.17,1
1869,2806.2,1.16,1
1870,2804.64,16.42,1
1871,2803.1,27.92,1
1872,2802.57,-13.1,1
1873,2802.32,6.31,1
1874,2802.49,1.83,1
1875,2801.63,25.25,1
1876,2799.56,25.58,1
1877,2799.38,29.32,1
1878,2797.26,25.52,1
1879,2794.72,-11.34,1
1880,2791.48,29.05,1
1881,2790.5,23.83,1
1882,2789.36,-1.97,1
1883,2786.14,9.05,1
1884,2782.58,15.99,1
1885,2779.51,35.68,1
1886,2777.5,17.5,1
1887,2775.59,-15.06,1
1888,2774.14,29.59,1
1889,2773.64,25.52,1
1890,2772.92,37.32,1
1891,2771.16,-10.94,1
1892,2771.28,11.8,1
1893,2771,7.54,1
1894,2767.91,36.06,1
1895,2764.89,9.4,1
1896,2764.8,33.3,1
1897,2762.52,33.64,1
1898,2762.62,21.15,1
1899,2761.55,14.85,1
1900,2759.03,12.31,1
1901,2757,-9.08,1
1902,2753.8,28.39,1
1903,2750.48,16.59,1
1904,2747.2,5.48,1
1905,2744.88,25.08,1
1906,2741.8,25.09,1
1907,2740.36,34.66,1
1908,2738.42,31.84,1
1909,2736.88,11.47,1
1910,2736.84,20.08,1
1911,2735.03,-11.6,1
1912,2734.88,6.75,1
1913,2732.46,-3.25,1
1914,2729.07,7.14,1
1915,2728.37,35.56,1
1916,2725.24,25.31,1
1917,2724.33,23,1
1918,2721.28,-18.98,1
1919,2719.41,23.87,1
1920,2718.34,17.08,1
1921,2716.56,-1.46,1
1922,2713.62,35.1,1
1923,2712.33,5.37,1
1924,2710.54,5.87,1
1925,2707.56,14.43,1
1926,2704.47,35.9,1
1927,2702.23,11.06,1
1928,2702.02,29.1,1
1929,2700.89,-14.97,1
1930,2700.7,-6.32,1
1931,2698.11,33.56,1
1932,2697.89,1.31,1
1933,2696.23,-12.14,1
1934,2692.69,13.79,1
1935,2690.08,-3.09,1
1936,2688.11,21.16,1
1937,2685.94,39.72,1
1938,2683.3,17.6,1
1939,2681.03,21.56,1
1940,2679.7,-3.35,1
1941,2677.44,29.89,1
1942,2675.22,29.59,1
1943,2673.4,7.96,1
1944,2672.8,7.32,1
1945,2670.92,30.4,1
1946,2667.44,2.96,1
1947,2665.36,28.24,1
1948,2665.43,-16.25,1
1949,2662.83,0.84,1
1950,2662.86,14.57,1
1951,2661.03,13.42,1
1952,2659.21,38.92,1
1953,2657.02,39.37,1
1954,2653.44,7.5,1
1955,2653.37,13.72,1
1956,2652.35,36.6,1
1957,2650.77,-11.17,1
1958,2649.19,27.17,1
1959,2647,9.35,1
1960,2645.07,38.15,1
1961,2644.6,-19.77,1
1962,2643.13,28.58,1
1963,2639.49,-19.42,1
1964,2635.76,-4.88,1
1965,2634.62,29.2,1
1966,2633.67,20.74,1
1967,2632.43,9.85,1
1968,2631.65,34.2,1
1969,2628.42,8.66,1
1970,2628.36,35.81,1
1971,2624.85,38.94,1
1972,2623.89,1.12,1
1973,2621.2,-18.46,1
1974,2617.84,-1.41,1
1975,2616.49,16.96,1
1976,2613.28,8.24,1
1977,2613.23,-19.75,1
1978,2610.53,-14.92,1
1979,2610.1,37.58,1
1980,2607.75,25.57,1
1981,2603.97,10.87,1
1982,2603.08,35.03,1
1983,2600.55,11.25,1
1984,2597.54,27.97,1
1985,2594.44,6.73,1
1986,2593.42,32,1
1987,2591.22,19.09,1
1988,2590.79,1.94,1
1989,2587.14,13.87,1
1990,2584.09,2.13,1
1991,2582.82,-9.49,1
1992,2579.77,26.24,1
1993,2578.6,-16.63,1
1994,2575.36,3.38,1
1995,2574.92,27.9,1
1996,2574.63,2.95,1
1997,2574.73,-14.32,1
1998,2571.22,0.55,1
1999,2569.26,29.24,1
2000,2569.18,-10.68,1
2001,2565.52,5.02,1
2002,2562.98,-5.43,1
2003,2561.47,21.77,1
2004,2559.17,26.13,1
2005,2555.4,1.52,1
2006,2555.19,20.53,1
2007,2552.13,21.99,1
2008,2549.41,-6.85,1
2009,2545.82,3.71,1
2010,2545.71,5.03,1
2011,2542.89,-15.78,1
2012,2540.54,30.29,1
2013,2537.17,27.42,1
2014,2537.01,-10.98,1
2015,2535.1,7.96,1
2016,2532.48,4.65,1
2017,2529.1,35.33,1
2018,2526.68,3.24,1
2019,2523.4,8.94,1
2020,2522.62,18.07,1
2021,2522.78,-0.44,1
2022,2521.48,6.41,1
2023,2519.29,33.33,1
2024,2519.12,-8.78,1
2025,2516.9,39.45,1
2026,2516.95,1.32,1
2027,2514.91,37.27,1
2028,2512.63,9.56,1
2029,2512.19,-9.62,1
2030,2509.97,-17.01,1
2031,2508.62,-1.19,1
2032,2506.96,38.65,1
2033,2503.54,33.56,1
2034,2500.99,37.66,1
2035,2500.88,32.84,1
2036,2498.16,-4.86,1
2037,2498.34,24.83,1
2038,2495.71,-14.39,1
2039,2494.35,-4.13,1
2040,2493.65,33.87,1
2041,2491.9,-1.38,1
2042,2490.68,-13.17,1
2043,2487.67,27.1,1
2044,2486.59,15.75,1
2045,2483.34,-14.97,1
2046,2480.56,-2.3,1
2047,2478.57,-8.42,1
2048,2475.99,33.52,1
2049,2474.72,30,1
2050,2473.67,17.76,1
2051,2470.3,19.95,1
2052,2468.42,6.16,1
2053,2466.45,34.55,1
2054,2465.39,-12.66,1
2055,2463.51,37.25,1
2056,2462.33,15.49,1
2057,2461.49,-15.62,1
2058,2459,37.3,1
2059,2458.09,-12.9,1
2060,2457.72,8.16,1
2061,2455.75,-8.98,1
2062,2452.88,13.92,1
2063,2451.67,3.6,1
2064,2450.22,38.07,1
2065,2448.76,13.41,1
2066,2447.51,3.71,1
2067,2444.02,-7.55,1
2068,2440.85,12.08,1
2069,2437.75,19.23,1
2070,2436.29,2.15,1
2071,2435.53,18.15,1
2072,2432.85,-1.09,1
2073,2431.72,11.88,1
2074,2428.37,31.47,1
2075,2428.42,8.03,1
2076,2427.1,-13.07,1
2077,2424.8,5.63,1
2078,2421.26,-15.36,1
2079,2421.29,38.8,1
2080,2417.71,34.3,1
2081,2413.9,-19.52,1
2082,2412.64,21.32,1
2083,2411.28,38.56,1
2084,2408,-10.01,1
2085,2408.06,7.23,1
2086,2405.31,-0.36,1
2087,2401.76,16.41,1
2088,2398.12,-8.71,1
2089,2397.72,-18.33,1
2090,2396.69,4.2,1
2091,2393.96,21.19,1
2092,2393.05,30.76,1
2093,2390.06,-2.4,1
2094,2389.62,24.52,1
2095,2387.5,4.43,1
2096,2384.34,5.85,1
2097,2381.93,-2.3,1
2098,2379.9,9.58,1
2099,2378.19,-3.77,1
2100,2376.67,-12.73,1
2101,2375.19,-9.26,1
2102,2372.66,-6.44,1
2103,2371.83,-4.08,1
2104,2368.48,-1.97,1
2105,2365.21,-18.31,1
2106,2364.27,-12.79,1
2107,2360.83,-13.6,1
2108,2358.23,4.89,1
2109,2355.36,10.8,1
2110,2353.91,-11.28,1
2111,2351.23,-17.98,1
2112,2349.11,5.96,1
2113,2346.06,-3.32,1
2114,2345.11,38.7,1
2115,2341.31,-12.11,1
2116,2338.08,-15.4,1
2117,2335.69,-16.44,1
2118,2333.53,36.01,1
2119,2331.16,-18.95,1
2120,2327.81,-12.48,1
2121,2326.2,-12.85,1
2122,2322.39,9.84,1
2123,2319.37,-14.9,1
2124,2317.24,-16.51,1
2125,2314.53,5.12,1
2126,2313.37,12.68,1
2127,2309.83,-5.08,1
2128,2309.81,-7.37,1
2129,2306.6,32.47,1
2130,2305.92,12.03,1
2131,2303.25,5.42,1
2132,2299.99,28.17,1
2133,2300.13,-6.3,1
2134,2297.3,-18.55,1
2135,2297.43,14.27,1
2136,2296.63,8.39,1
2137,2295.17,29.36,1
2138,2294.42,24.13,1
2139,2292.68,36.53,1
2140,2290.53,30.7,1
2141,2287.05,27.02,1
2142,2283.34,13.98,1
2143,2280.33,14.9,1
2144,2277.21,16.52,1
2145,2275.85,26.26,1
2146,2273.44,29.69,1
2147,2272.56,7.39,1
2148,2270.31,2.63,1
2149,2270.47,16.13,1
2150,2269.8,12.84,1
2151,2266.44,1.56,1
2152,2265.84,7.6,1
2153,2265.98,3.15,1
2154,2265.92,28.86,1
2155,2263.59,6.76,1
2156,2261.4,-18.08,1
2157,2260.37,-10.24,1
2158,2258.1,31.41,1
2159,2254.31,11.87,1
2160,2252.53,-0.51,1
2161,2250.1,21.74,1
2162,2249.05,12.23,1
2163,2248.59,-8.06,1
2164,2247.33,32.93,1
2165,2244.08,30.6,1
2166,2240.74,-17.27,1
2167,2237.71,0.27,1
2168,2237.77,-10.84,1
2169,2235.23,-10.41,1
2170,2232.97,12.85,1
2171,2232.64,-14.94,1
2172,2231.49,22.43,1
2173,2228.98,-19.03,1
2174,2228.38,25.56,1
2175,2225.98,24.87,1
2176,2224.93,26.65,1
2177,2224.85,28.6,1
2178,2224.27,17.5,1
2179,2223.25,15.43,1
2180,2220.26,11.32,1
2181,2219.12,16.11,1
2182,2219.27,32.46,1
2183,2218.24,1.29,1
2184,2214.73,-3.99,1
2185,2212.88,-17.44,1
2186,2212.24,-17.56,1
2187,2209.39,18.15,1
2188,2208.01,31.19,1
2189,2205.81,32.36,1
2190,2203.63,11.73,1
2191,2203.52,-5.48,1
2192,2202.09,9.19,1
2193,2199.66,14.67,1
2194,2198.82,10.77,1
2195,2195.96,-19.83,1
2196,2194.01,36.88,1
2197,2191.04,18.35,1
2198,2189.25,37.71,1
2199,2185.63,10.13,1
2200,2182.97,37.5,1
2201,2180.89,38.81,1
2202,2181.04,-17.66,1
2203,2180.76,31.08,1
2204,2177.51,30.4,1
2205,2177.48,-6,1
2206,2175.25,-7.94,1
2207,2173.17,3.57,1
2208,2170.35,7.07,1
2209,2168.42,-10.71,1
2210,2167.63,26.29,1
2211,2167.23,4.8,1
2212,2164.28,12.2,1
2213,2162.9,-12.81,1
2214,2162.32,-12.71,1
2215,2161.03,-2.51,1
2216,2158.55,30.76,1
2217,2155.42,-2.24,1
2218,2154.3,13.13,1
2219,2151.59,27.66,1
2220,2149.53,-4.9,1
2221,2145.84,-13.34,1
2222,2142.35,-4.66,1
2223,2141.17,3.53,1
2224,2137.81,-18.38,1
2225,2134.69,-2.18,1
2226,2131.17,32.68,1
2227,2129.24,6.76,1
2228,2126.24,20.99,1
2229,2122.86,28,1
2230,2119.46,-8.27,1
2231,2115.9,32.87,1
2232,2113.78,-11.08,1
2233,2111.38,-6.77,1
2234,2110.71,15.91,1
2235,2108.73,4.35,1
2236,2106.2,37.3,1
2237,2103.55,-13.12,1
2238,2100.01,6.91,1
2239,2098,30.36,1
2240,2097.56,22.72,1
2241,2096.42,-17.4,1
2242,2095.95,25.11,1
2243,2094.13,-12.76,1
2244,2092.13,8.23,1
2245,2091.6,39.52,1
2246,2089.96,-4.93,1
2247,2089.91,-16.06,1
2248,2089.73,26.29,1
2249,2087.64,-16.97,1
2250,2087.43,34.41,1
2251,2084.94,-9.59,1
2252,2081.71,26.9,1
2253,2078.08,32.55,1
2254,2078.24,29.77,1
2255,2075.16,15.85,1
2256,2073.35,-11.49,1
2257,2072.6,27.61,1
2258,2069.42,18.08,1
2259,2067.61,-18.58,1
2260,2064.26,27.95,1
2261,2063.15,4.03,1
2262,2063.23,-0.82,1
2263,2060.82,-7.36,1
2264,2058.42,16.9,1
2265,2057.55,-11.48,1
2266,2056.25,16.45,1
2267,2052.52,0.35,1
2268,2051.73,13.4,1
2269,2051.25,21.24,1
2270,2047.63,8.87,1
2271,2044.14,-8.88,1
2272,2043.95,21.67,1
2273,2043.47,10.75,1
2274,2040.61,27.43,1
2275,2039.93,36.73,1
2276,2038.87,-11.13,1
2277,2035.67,28.33,1
2278,2032.34,-11.68,1
2279,2032.22,-16.87,1
2280,2030.45,10.58,1
2281,2029.42,17.81,1
2282,2028.05,30.39,1
2283,2025.32,-5.01,1
2284,2022.86,28.37,1
2285,2022.51,-10.61,1
2286,2020.74,-10.54,1
2287,2018.83,-2.95,1
2288,2015.1,25.16,1
2289,2013.4,-15.84,1
2290,2010.08,-8.46,1
2291,2009.8,-6.71,1
2292,2007.5,19.19,1
2293,2006.12,-19.37,1
2294,2003.01,27.49,1
2295,2000.99,-13.45,1
2296,1999.57,-11.65,1
2297,1999.5,34.3,1
2298,1997.53,0.31,1
2299,1997.55,13.66,1
2300,1996.9,13.06,1
2301,1994.5,10.55,1
2302,1991.99,-16.37,1
2303,1991.94,13.39,1
2304,1989.61,3.98,1
2305,1987.68,37.33,1
2306,1984.38,10.15,1
2307,1980.94,22.62,1
2308,1977.2,-0.22,1
2309,1974.05,9.97,1
2310,1972.83,24.62,1
2311,1971.51,34.36,1
2312,1969.89,37.89,1
2313,1966.62,-15.01,1
2314,1962.91,-11.08,1
2315,1959.17,13.84,1
2316,1958.96,27,1
2317,1955.82,-3.85,1
2318,1952.25,8.53,1
2319,1948.57,21.95,1
2320,1947.27,24.36,1
2321,1943.56,16.03,1
2322,1943.25,10.06,1
2323,1941.36,19.21,1
2324,1939.13,23.77,1
2325,1937.67,19.13,1
2326,1935.74,29.02,1
2327,1932.47,31.92,1
2328,1931.39,3.69,1
2329,1930.71,5.44,1
2330,1928.54,-2.92,1
2331,1928.28,-16.44,1
2332,1927.2,24.57,1
2333,1926.33,22.89,1
2334,1923.45,-0.34,1
2335,1920.83,23.53,1
2336,1917.77,-16.99,1
2337,1914,26.82,1
2338,1914.09,0.7,1
2339,1911.37,6.41,1
2340,1910.23,6.33,1
2341,1909.65,18.84,1
2342,1906.96,-11.69,1
2343,1904.99,-18.38,1
2344,1902.83,-18.23,1
2345,1900.23,1.2,1
2346,1899.64,10.59,1
2347,1898.4,-2.87,1
2348,1895.97,6.64,1
2349,1892.69,-13.75,1
2350,1889.58,-13.56,1
2351,1885.85,33.23,1
2352,1882.1,24.23,1
2353,1878.97,34.17,1
2354,1876.06,10.45,1
2355,1875.53,12.25,1
2356,1875.59,-6.32,1
2357,1873.42,2.1,1
2358,1870.07,30.28,1
2359,1869.03,11.63,1
2360,1867.19,34.61,1
2361,1863.56,8.4,1
2362,1862.96,19.77,1
2363,1859.28,-6.14,1
2364,1858.01,29.59,1
2365,1854.49,21.19,1
2366,1850.91,-1.21,1
2367,1850.1,37.77,1
2368,1846.35,30.4,1
2369,1842.65,37.98,1
2370,1842.16,38.25,1
2371,1838.81,-8.73,1
2372,1836.54,-12.48,1
2373,1835.5,-10.17,1
2374,1835.54,4.43,1
2375,1832.19,10.49,1
2376,1831.2,12.84,1
2377,1829.58,39.24,1
2378,1829.74,38.68,1
2379,1828.99,23.2,1
2380,1827.84,-19.39,1
2381,1825.55,-12.69,1
2382,1824.59,-4.57,1
2383,1822.22,3.61,1
2384,1822.12,-3.19,1
2385,1821,33.23,1
2386,1820.56,16.53,1
2387,1820.69,37.26,1
2388,1816.93,25.63,1
2389,1813.65,19.28,1
2390,1813.3,18.65,1
2391,1809.86,22.9,1
2392,1806.83,-0.21,1
2393,1803.42,-18.28,1
2394,1801.51,12.39,1
2395,1801.29,5.41,1
2396,1800.3,22.65,1
2397,1797.91,36.27,1
2398,1796.47,-10.77,1
2399,1795.23,33.59,1
2400,1791.46,6.52,1
2401,1789.91,15.42,1
2402,1789.4,-8.12,1
2403,1787.13,-15.23,1
2404,1783.55,6.52,1
2405,1781.51,25.91,1
2406,1781.55,11.93,1
2407,1780.95,11.53,1
2408,1778.97,-11.11,1
2409,1776.12,1.21,1
2410,1775.44,-3.56,1
2411,1772.13,-12.93,1
2412,1771.77,17.56,1
2413,1770.57,-3.37,1
2414,1768.03,-1.65,1
2415,1765.54,24.77,1
2416,1762.87,-1.39,1
2417,1761.28,10.82,1
2418,1758.76,0.86,1
2419,1757.13,8.85,1
2420,1756.78,-16.88,1
2421,1753.77,28.15,1
2422,1751.65,-15.52,1
2423,1750.06,1.48,1
2424,1748.15,-5.94,1
2425,1745.35,37.56,1
2426,1745.31,3.42,1
2427,1745.08,19.49,1
2428,1744.54,-6.76,1
2429,1740.81,14.68,1
2430,1739.83,-3.17,1
2431,1739.62,38.54,1
2432,1739.28,39.43,1
2433,1737.3,31.03,1
2434,1736.72,-2.76,1
2435,1736.32,31.45,1
2436,1734.98,-17.52,1
2437,1734.31,-5.32,1
2438,1734.38,-2.47,1
2439,1734.34,-5.17,1
2440,1732.34,-19.15,1
2441,1730.62,-14.62,1
2442,1730.03,-9.22,1
2443,1727.53,-9.42,1
2444,1725.2,-3.01,1
2445,1722.55,16.97,1
2446,1719.76,-16.08,1
2447,1716.24,24.2,1
2448,1715.95,30.94,1
2449,1714.15,-10.94,1
2450,1711.47,16.65,1
2451,1711.32,2.04,1
2452,1709.35,7.58,1
2453,1707.92,31.5,1
2454,1707.31,-11.16,1
2455,1705.99,3.76,1
2456,1703.94,36.45,1
2457,1701.5,28.06,1
2458,1701.5,17.24,1
2459,1699.26,39.53,1
2460,1697.49,4.1,1
2461,1694.55,-2.6,1
2462,1693.7,32.58,1
2463,1691.01,-16.71,1
2464,1689.03,0.27,1
2465,1687.63,-7.41,1
2466,1687.22,-18.65,1
2467,1685.22,-8.08,1
2468,1682.21,-1.03,1
2469,1681.31,9.85,1
2470,1678.33,6.05,1
2471,1677.76,-7.51,1
2472,1675.13,15.12,1
2473,1672.04,0.21,1
2474,1671.41,32.83,1
2475,1668.08,17.26,1
2476,1668.11,31.22,1
2477,1667.78,35.08,1
2478,1664.47,12.17,1
2479,1662.63,29.83,1
2480,1661.57,-18.91,1
2481,1661.23,-15.3,1
2482,1659.85,16.96,1
2483,1657.3,-2.38,1
2484,1656.34,34.22,1
2485,1653.69,-15.19,1
2486,1650.5,-12.76,1
2487,1649.25,-16.89,1
2488,1648.51,3.53,1
2489,1645.17,11.27,1
2490,1644.45,0.54,1
2491,1643.63,-9.92,1
2492,1640.58,-13.67,1
2493,1637.9,35.69,1
2494,1635.79,23.42,1
2495,1632.43,16.9,1
2496,1631.96,9.49,1
2497,1632.07,25.55,1
2498,1630.72,18.1,1
2499,1629.37,29.41,1
2500,1628.24,-19.16,1
2501,1627.89,39.89,1
2502,1625.15,13.23,1
2503,1623.15,-8.32,1
2504,1621.57,19.5,1
2505,1617.78,13.19,1
2506,1617.39,31.98,1
2507,1616.87,37,1
2508,1614.21,-16.82,1
2509,1611.81,34.64,1
2510,1608.7,-17.88,1
2511,1605.4,-15.29,1
2512,1605.34,14.29,1
2513,1602.55,30.32,1
2514,1601.01,29.68,1
2515,1598.72,-16.15,1
2516,1598.63,38.07,1
2517,1598.15,-16.87,1
2518,1594.38,25.63,1
2519,1591.54,13.29,1
2520,1589.9,-3.57,1
2521,1586.88,30.64,1
2522,1586.86,-19.83,1
2523,1583.36,-19.15,1
2524,1581.93,-1.1,1
2525,1579.64,-6.15,1
2526,1577.07,29.55,1
2527,1573.3,28.48,1
2528,1573.27,35.8,1
2529,1572.68,36.53,1
2530,1570.28,-1.38,1
2531,1568.62,23.28,1
2532,1565.82,-8.37,1
2533,1562.04,-13.66,1
2534,1559.65,31.3,1
2535,1559.57,13.59,1
2536,1559.42,38.89,1
2537,1557.06,7.33,1
2538,1556.79,2.85,1
2539,1556.07,-18.49,1
2540,1556.13,37.97,1
2541,1553.44,-1.1,1
2542,1550.66,39.9,1
2543,1549.16,24.83,1
2544,1549.29,-14.11,1
2545,1545.72,-9.88,1
2546,1544.35,-2.13,1
2547,1541.47,-1.96,1
2548,1538.11,19.33,1
2549,1534.61,4.69,1
2550,1533.51,18.48,1
2551,1531.25,-3.03,1
2552,1531.07,1.51,1
2553,1529.77,-17.65,1
2554,1528.33,-3.44,1
2555,1524.83,24.3,1
2556,1524.63,1.09,1
2557,1521.84,24.56,1
2558,1521.32,12.62,1
2559,1521.24,39.15,1
2560,1520.95,20.41,1
2561,1517.77,15.65,1
2562,1517.73,22.28,1
2563,1513.93,-6.74,1
2564,1513.84,-5.73,1
2565,1512.52,21.89,1
2566,1510.58,-0.3,1
2567,1507.54,-4.36,1
2568,1505.86,-5.46,1
2569,1505.63,-10.65,1
2570,1503.35,20.01,1
2571,1500.33,-9.72,1
2572,1496.92,8.33,1
2573,1494.99,14.28,1
2574,1493.51,1.85,1
2575,1491.85,2.44,1
2576,1491.58,-12.14,1
2577,1489.16,31.65,1
2578,1486.16,24.22,1
2579,1482.43,8.74,1
2580,1480.05,-17.08,1
2581,1478.84,37.31,1
2582,1478.55,37.97,1
2583,1475.27,-6.17,1
2584,1474.72,39.52,1
2585,1471.37,27.8,1
2586,1470.93,25.78,1
2587,1470.62,-3.08,1
2588,1467.85,-8.28,1
2589,1465.63,38.55,1
2590,1464.96,-3.53,1
2591,1464.85,33.92,1
2592,1462.73,-0.06,1
2593,1462.8,3.43,1
2594,1462.48,-17.02,1
2595,1459.88,2.57,1
2596,1456.77,30.77,1
2597,1456.95,4.78,1
2598,1453.38,-16.58,1
2599,1450.81,-0.09,1
2600,1450.18,12.12,1
2601,1446.61,28.65,1
2602,1446.13,-15.78,1
2603,1445.47,0.49,1
2604,1441.91,-17.77,1
2605,1439.28,35.54,1
2606,1436.41,-10.47,1
2607,1434.3,0.05,1
2608,1433.36,3.51,1
2609,1433.02,1.36,1
2610,1430.67,-18.98,1
2611,1427.64,-12.7,1
2612,1425.37,25.37,1
2613,1422.72,1.56,1
2614,1420.12,3.24,1
2615,1417.56,-9.67,1
2616,1417.03,-7.15,1
2617,1414.01,37.57,1
2618,1414.02,12.66,1
2619,1410.69,19.82,1
2620,1407.11,27.78,1
2621,1405.84,14.81,1
2622,1405.1,-3.35,1
2623,1403.35,15.79,1
2624,1399.65,-8.04,1
2625,1398.57,-12.05,1
2626,1397,-0.58,1
2627,1394.29,26.4,1
2628,1391,21.12,1
2629,1389.67,37.03,1
2630,1388.33,37.14,1
2631,1387.71,-14.84,1
2632,1384.88,-6.13,1
2633,1384.8,19.85,1
2634,1382.17,8.3,1
2635,1381.36,30.96,1
2636,1377.62,21.41,1
2637,1376.36,3.09,1
2638,1374.65,12.64,1
2639,1371.72,13.23,1
2640,1371.18,-12.16,1
2641,1370.63,20.74,1
2642,1367.85,32.03,1
2643,1364.31,4.95,1
2644,1360.75,-5.96,1
2645,1359.67,10.22,1
2646,1359.36,30.85,1
2647,1356.44,-13.49,1
2648,1354.74,-20,1
2649,1351.29,6.52,1
2650,1347.56,19.73,1
2651,1345.23,7.93,1
2652,1344.78,2.57,1
2653,1344.89,-5.57,1
2654,1342.86,33.74,1
2655,1341.98,21.04,1
2656,1340.96,30.65,1
2657,1338.9,26.46,1
2658,1338.92,29.97,1
2659,1337.86,9.61,1
2660,1336.24,10.24,1
2661,1335.99,-15.42,1
2662,1333.91,11.88,1
2663,1331.41,22.27,1
2664,1328.84,31.74,1
2665,1328.75,-2.47,1
2666,1325.12,19.91,1
2667,1324.14,37.02,1
2668,1322.61,18.36,1
2669,1322.3,5.98,1
2670,1319.8,5.54,1
2671,1318.86,34.07,1
2672,1318.74,-2.69,1
2673,1317.3,-8.84,1
2674,1315.99,4.98,1
2675,1315.37,-14.84,1
2676,1315.07,34.87,1
2677,1313.82,38.45,1
2678,1311.78,39.23,1
2679,1309.77,18.83,1
2680,1307.62,39.63,1
2681,1304.43,18.83,1
2682,1302.86,31.35,1
2683,1299.53,-14.62,1
2684,1298.58,35.36,1
2685,1295.56,21.54,1
2686,1293.6,13.77,1
2687,1290.82,6.72,1
2688,1290.48,-19.93,1
2689,1290.5,33.42,1
2690,1287.57,-14.69,1
2691,1284.48,-4.61,1
2692,1282.45,2.29,1
2693,1281.03,23.48,1
2694,1278.2,9.85,1
2695,1278.3,10.08,1
2696,1274.71,7.87,1
2697,1271.13,-13.06,1
2698,1268.22,1.43,1
2699,1266.62,35.06,1
2700,1265.94,38.16,1
2701,1263.06,23.95,1
2702,1262.45,-15.24,1
2703,1262.02,-11.24,1
2704,1261.2,25.56,1
2705,1260.97,11.53,1
2706,1259.88,-19.1,1
2707,1258.98,24.46,1
2708,1258.52,12.7,1
2709,1258.01,34.81,1
2710,1257.7,27.5,1
2711,1256.13,39.68,1
2712,1252.45,15.52,1
2713,1249.57,26.25,1
2714,1246.01,14.96,1
2715,1243.31,-12.44,1
2716,1240.24,7.02,1
2717,1237.58,13.35,1
2718,1237.15,20.7,1
2719,1236.55,-8.04,1
2720,1232.92,-10.98,1
2721,1231.69,33.32,1
2722,1231.34,13.54,1
2723,1229.2,28.12,1
2724,1228.99,1.53,1
2725,1227.07,-9.25,1
2726,1224.49,31.61,1
2727,1223.34,-4.98,1
2728,1223.02,32.99,1
2729,1222.53,3.36,1
2730,1221.85,8.11,1
2731,1221.71,-11.04,1
2732,1220.93,8.14,1
2733,1219.62,34.78,1
2734,1219.08,-9.93,1
2735,1218.15,7.71,1
2736,1217.27,-1.09,1
2737,1213.81,34.87,1
2738,1213.08,0.94,1
2739,1209.28,34.92,1
2740,1208,-4.11,1
2741,1206.32,37.8,1
2742,1206.27,0.32,1
2743,1205.91,35.81,1
2744,1203.82,15.28,1
2745,1203.67,18.44,1
2746,1200.99,-8.52,1
2747,1198.05,9.36,1
2748,1196.75,23.33,1
2749,1194.99,-1.05,1
2750,1194.96,-6,1
2751,1193.03,32.44,1
2752,1192.07,5.54,1
2753,1190.1,18.14,1
2754,1186.3,1.86,1
2755,1183.15,15.28,1
2756,1181.81,-14.38,1
2757,1180.36,11.49,1
2758,1179.12,-3.7,1
2759,1177.99,2.09,1
2760,1177.11,34.95,1
2761,1176.76,10.1,1
2762,1175.54,-8.82,1
2763,1174.97,2.66,1
2764,1172.75,7.08,1
2765,1169.75,27.38,1
2766,1167.11,-5.17,1
2767,1163.96,-3.03,1
2768,1162.02,30.91,1
2769,1158.32,-3.11,1
2770,1157.36,-10.68,1
2771,1153.79,-9.22,1
2772,1150.38,-15.11,1
2773,1147.14,9.88,1
2774,1143.84,25.42,1
2775,1140.48,14.66,1
2776,1139.03,39.34,1
2777,1136.89,28.81,1
2778,1133.96,-5.23,1
2779,1131.88,-11.24,1
2780,1129.42,4.29,1
2781,1128.1,-14.63,1
2782,1128.16,28.43,1
2783,1127.95,26.04,1
2784,1124.74,34.76,1
2785,1124.1,30.51,1
2786,1123.99,29.36,1
2787,1124.04,7.01,1
2788,1122.99,6.77,1
2789,1121.28,2.66,1
2790,1119.59,5.3,1
2791,1118.65,20.85,1
2792,1116.26,10.1,1
2793,1116.22,-13.86,1
2794,1114.32,12.48,1
2795,1110.77,15.69,1
2796,1107.32,1.68,1
2797,1104.77,36.85,1
2798,1101.14,29.64,1
2799,1098.58,4.64,1
2800,1096.83,-6.68,1
2801,1094.12,6.82,1
2802,1092.95,21.24,1
2803,1089.96,4.72,1
2804,1088.02,9.6,1
2805,1088.07,11.92,1
2806,1086.23,22.14,1
2807,1083.2,23.56,1
2808,1079.9,28.3,1
2809,1077.89,8.71,1
2810,1075.89,22.87,1
2811,1074.89,19.69,1
2812,1074.93,36,1
2813,1072.23,12.55,1
2814,1069.81,19.93,1
2815,1067.73,-10.36,1
2816,1066.64,16.39,1
2817,1064.71,7.1,1
2818,1061.38,-4.42,1
2819,1059.19,-0.47,1
2820,1056.73,13.85,1
2821,1056.47,-8.25,1
2822,1054.52,1.47,1
2823,1053.48,24.99,1
2824,1050.82,0.27,1
2825,1049.62,21.92,1
2826,1049.6,36.35,1
2827,1049.76,2.48,1
2828,1049.32,32.69,1
2829,1046.02,-15.88,1
2830,1044.14,1.84,1
2831,1040.93,19.56,1
2832,1037.31,26.29,1
2833,1035.32,13.23,1
2834,1033.12,-19.71,1
2835,1032.23,5.32,1
2836,1029.17,14.76,1
2837,1026.42,-10.73,1
2838,1026.33,22.1,1
2839,1024.99,-7.96,1
2840,1024.55,24.42,1
2841,1020.85,28.72,1
2842,1017.18,9.82,1
2843,1016.29,-9.3,1
2844,1014.2,5.7,1
2845,1014.24,-4.66,1
2846,1011.23,-12.97,1
2847,1007.96,6.51,1
2848,1007.87,31.65,1
2849,1007.29,26.06,1
2850,1006.18,-17.89,1
2851,1006.35,-4.4,1
2852,1004.03,-4.74,1
2853,1002.58,27.23,1
2854,1001.9,24.92,1
2855,1000,31.38,1
2856,1000,35.36,1
2857,1000,30.29,1
2858,1000,10.53,1
2859,1000,-6.61,1
2860,1000,-16.48,1
2861,1000,-17.91,1
2862,1000,21.56,1
2863,1000,29.54,1
2864,1000,-13.94,1
2865,1000,-16.31,1
2866,1000,17.1,1
2867,1000,7.59,1
2868,1000,5.61,1
2869,1000,27.96,1
2870,1000,-14.74,1
2871,1000,16.06,1
2872,1000,30.15,1
2873,1000,34.76,1
2874,1000,-10.85,1
2875,1000,-5.47,1
2876,1000,-17.85,1
2877,1000,-0.82,1
2878,1000,-17.53,1
2879,1000,14.35,1
2880,1000,33.08,1
2881,1000,-6.95,1
2882,1000.01,9.42,1
2883,1000,-19.53,1
2884,1000,11.87,1
2885,1000,14.34,1
2886,1000,29.6,1
2887,1000,-13.12,1
2888,1000,16.35,1
2889,1000,-1.4,1
2890,1000,32.28,1
2891,1000,24.44,1
2892,1000,9.21,1
2893,1000,-5.23,1
2894,1000,26.53,1
2895,1000,9.1,1
2896,1000,-16.09,1
2897,1000,6.37,1
2898,1000,4.16,1
2899,1000,29.56,1
2900,1000,34.09,1
2901,1000,23.88,1
2902,1000,22.55,1
2903,1000,27.15,1
2904,1000,37.28,1
2905,1000,27.38,1
2906,1000,-16.58,1
2907,1000,0.94,1
2908,1000,-14.73,1
2909,1000,37.82,1
2910,1000,37.42,1
2911,1000.1,-4.06,1
2912,1000.15,-1.02,1
2913,1000,29.81,1
2914,1000,15.68,1
2915,1000,13.72,1
2916,1000,-5.41,1
2917,1000,1.01,1
2918,1000,34.18,1
2919,1000,23.85,1
2920,1000,-19.07,1
2921,1000,-4.04,1
2922,1000,26.38,1
2923,1000,16.38,1
2924,1000,-4.29,1
2925,1000,7.8,1
2926,1000,6.26,1
2927,1000,-10.66,1
2928,1000,4.89,1
2929,1000,-6.21,1
2930,1000,-17.74,1
2931,1000,-10.1,1
2932,1000,13.51,1
2933,1000,-15.11,1
2934,1000,-1.94,1
2935,1000,-8.44,1
2936,1000,2.25,1
2937,1000,7.56,1
2938,1000,32.35,1
2939,1000,35.47,1
2940,1000,27.35,1
2941,1000,11.87,1
2942,1000,2.93,1
2943,1000,26.14,1
2944,1000,34.54,1
2945,1000,-16.63,1
2946,1000,10.21,1
2947,1000,-17.36,1
2948,1000,-11.37,1
2949,1000,10.3,1
2950,1000,-9.75,1
2951,1000,33.06,1
2952,1000,38.22,1
2953,1000,-18.08,1
2954,1000,26.12,1
2955,1000,3.22,1
2956,1000,35.31,1
2957,1000,-15.98,1
2958,1000,30.68,1
2959,1000.03,29.87,1
2960,1000,39.11,1
2961,1000,13.2,1
2962,1000,2.57,1
2963,1000,17.04,1
2964,1000,8.32,1
2965,1000,27.86,1
2966,1000,25.71,1
2967,1000,27.57,1
2968,1000,4.92,1
2969,1000,-9.96,1
2970,1000,12.61,1
2971,1000,16.43,1
2972,1000,18.99,1
2973,1000,28.14,1
2974,1000,37.28,1
2975,1000.18,7.78,1
2976,1000,13.96,1
2977,1000,-7.45,1
2978,1000,0.07,1
2979,1000,39.38,1
2980,1000,20.26,1
2981,1000,16.39,1
2982,1000,29.93,1
2983,1000,27.81,1
2984,1000.15,-4.7,1
2985,1000,4.23,1
2986,1000,27.92,1
2987,1000,23.42,1
2988,1000,-12.91,1
2989,1000,27.51,1
2990,1000,10.08,1
2991,1000,13.83,1
2992,1000,-11.12,1
2993,1000,-18.38,1
2994,1000,33.03,1
2995,1000.07,-12.83,1
2996,1000,19.88,1
2997,1000,-12.23,1
2998,1000,-15.15,1
2999,1000,36.78,1
gauge,,,
