UTC,Pressure (mBar),Temperature (C),Time Interval
1703445268,1006.53,21.96,1
1703445269,1015.19,21.94,1
1703445270,1020.59,20.74,1
1703445271,1028.38,20.46,1
1703445272,1035.52,21.12,1
1703445273,1041.69,21.44,1
1703445274,1047.81,21.02,1
1703445275,1056.95,21.91,1
1703445276,1063.76,20.46,1
1703445277,1069.86,21.15,1
1703445278,1078.22,20.83,1
1703445279,1085.5,20.46,1
1703445280,1094.18,20.78,1
1703445281,1100.15,21.38,1
1703445282,1106.02,21.49,1
1703445283,1115.68,21.58,1
1703445284,1124.59,21,1
1703445285,1130.53,20.14,1
1703445286,1136.83,20.06,1
1703445287,1144.44,20.59,1
1703445288,1151.32,20.88,1
1703445289,1156.78,20.15,1
1703445290,1164.39,20.57,1
1703445291,1173.52,21.38,1
1703445292,1178.79,21.59,1
1703445293,1188.37,21.86,1
1703445294,1194.68,20.6,1
1703445295,1201.23,20.4,1
1703445296,1209.29,20.38,1
1703445297,1216.65,20.63,1
1703445298,1225.18,21.43,1
1703445299,1234.86,21.47,1
1703445300,1241.18,21.32,1
1703445301,1246.39,20.88,1
1703445302,1253.69,21.3,1
1703445303,1261.56,20.71,1
1703445304,1270.16,21.73,1
1703445305,1280.13,20.12,1
1703445306,1289.63,20.86,1
1703445307,1299.61,21.83,1
1703445308,1307.11,20.71,1
1703445309,1316.94,20.39,1
1703445310,1325.37,20.58,1
1703445311,1331.78,20.53,1
1703445312,1336.81,21.04,1
1703445313,1344.64,21.26,1
1703445314,1350.88,20.24,1
1703445315,1358.07,21.98,1
1703445316,1364.42,21.27,1
1703445317,1373.55,20.07,1
1703445318,1383.02,20.07,1
1703445319,1389.44,20.51,1
1703445320,1398.72,21.74,1
1703445321,1405.79,21.26,1
1703445322,1411.63,20.14,1
1703445323,1417.26,20.15,1
1703445324,1426.95,20.03,1
1703445325,1434.88,21.54,1
1703445326,1442.14,21.51,1
1703445327,1450.3,21.07,1
1703445328,1456.25,21.05,1
1703445329,1463.73,20.1,1
1703445330,1470.88,21.02,1
1703445331,1478.61,21.16,1
1703445332,1487.32,21.85,1
1703445333,1496.64,21.77,1
1703445334,1503.23,21.81,1
1703445335,1510.35,20.88,1
1703445336,1517.27,21.68,1
1703445337,1523.09,20.26,1
1703445338,1530.11,21.3,1
1703445339,1536.08,21.12,1
1703445340,1542.18,21.08,1
1703445341,1552.04,20.92,1
1703445342,1557.8,20.86,1
1703445343,1563.57,20.2,1
1703445344,1570.9,20.21,1
1703445345,1576.83,20.32,1
1703445346,1584.58,21.07,1
1703445347,1589.81,20.74,1
1703445348,1597.51,20.74,1
1703445349,1604.28,20.48,1
1703445350,1609.47,20.18,1
1703445351,1616.61,21.39,1
1703445352,1623.65,21.91,1
1703445353,1629.91,20.46,1
1703445354,1637.24,20.4,1
1703445355,1643.8,20.43,1
1703445356,1653.58,20.78,1
1703445357,1662.89,20.49,1
1703445358,1668.18,20.6,1
1703445359,1676.67,21.55,1
1703445360,1682.01,20.17,1
1703445361,1690.88,20.4,1
1703445362,1696.86,20.03,1
1703445363,1704.14,21.06,1
1703445364,1712.94,20.67,1
1703445365,1722.73,21.11,1
1703445366,1727.99,20.97,1
1703445367,1734.96,21.88,1
1703445368,1742.12,20.02,1
1703445369,1750.2,21.98,1
1703445370,1757.12,21.8,1
1703445371,1766.09,21.27,1
1703445372,1775.31,21.57,1
1703445373,1781.21,20.84,1
1703445374,1790.59,21.04,1
1703445375,1797.48,21.97,1
1703445376,1802.81,20.41,1
1703445377,1809.29,20.36,1
1703445378,1817.67,21.98,1
1703445379,1824.91,20.44,1
1703445380,1832.81,20.76,1
1703445381,1842.16,20.54,1
1703445382,1848.33,21.5,1
1703445383,1854.51,21.3,1
1703445384,1863.95,20.4,1
1703445385,1873.09,21.87,1
1703445386,1881.06,21.44,1
1703445387,1890.68,21.14,1
1703445388,1897.68,20.43,1
1703445389,1904.02,21.78,1
1703445390,1913.7,21.37,1
1703445391,1918.93,20.94,1
1703445392,1925.03,21.9,1
1703445393,1932.8,20.44,1
1703445394,1938.08,21.56,1
1703445395,1946.77,21,1
1703445396,1953.47,21.95,1
1703445397,1960.51,20.24,1
1703445398,1966.55,21.5,1
1703445399,1974.64,20.86,1
1703445400,1983.67,21.65,1
1703445401,1991.55,21.61,1
1703445402,1998.79,21.8,1
1703445403,2008.02,21.48,1
1703445404,2014.93,20.62,1
1703445405,2024.88,21.54,1
1703445406,2033.93,21.64,1
1703445407,2041.38,20.56,1
1703445408,2047.4,20.23,1
1703445409,2055.85,20.26,1
1703445410,2062.01,21.73,1
1703445411,2067.12,20.77,1
1703445412,2076.61,20.72,1
1703445413,2084.62,21.98,1
1703445414,2089.93,21.88,1
1703445415,2097.74,20.44,1
1703445416,2106.02,20.53,1
1703445417,2111.39,21.85,1
1703445418,2119.37,20.24,1
1703445419,2126.63,20.38,1
1703445420,2135.22,20.46,1
1703445421,2144.46,21.95,1
1703445422,2154.43,20.58,1
1703445423,2164.11,20.06,1
1703445424,2172.2,21.53,1
1703445425,2181.87,21.19,1
1703445426,2189.38,21.65,1
1703445427,2198.23,20.45,1
1703445428,2206.53,21.98,1
1703445429,2213.51,20.83,1
1703445430,2218.52,21.92,1
1703445431,2228.28,21.62,1
1703445432,2237.37,21.72,1
1703445433,2242.75,20.19,1
1703445434,2251.42,20.26,1
1703445435,2257.2,20.76,1
1703445436,2265.57,21.01,1
1703445437,2271.91,21.61,1
1703445438,2281.57,21,1
1703445439,2290.34,21.51,1
1703445440,2295.42,20.82,1
1703445441,2301.2,21.68,1
1703445442,2307.45,20.7,1
1703445443,2313.39,21.1,1
1703445444,2321.41,20.88,1
1703445445,2326.56,21.88,1
1703445446,2334.38,21.57,1
1703445447,2342.29,21.64,1
1703445448,2350.59,21.87,1
1703445449,2358.35,21.07,1
1703445450,2367.08,21.62,1
1703445451,2373.01,20.28,1
1703445452,2382.21,21.96,1
1703445453,2388.06,20.48,1
1703445454,2397.21,20.17,1
1703445455,2403.98,21.18,1
1703445456,2409.45,21.42,1
1703445457,2418.78,20.33,1
1703445458,2425.61,21.25,1
1703445459,2434.92,20.99,1
1703445460,2444.89,20.6,1
1703445461,2452.21,21.1,1
1703445462,2461.61,20.85,1
1703445463,2469.56,21.66,1
1703445464,2475.07,21.34,1
1703445465,2482.08,20.76,1
1703445466,2489.21,20.48,1
1703445467,2495.64,20.29,1
1703445468,2500.69,21.65,1
1703445469,2507.86,20.65,1
1703445470,2513.99,21.46,1
1703445471,2520.7,20.95,1
1703445472,2528.62,21.28,1
1703445473,2535.8,20.59,1
1703445474,2544.77,20.74,1
1703445475,2554.66,21.86,1
1703445476,2562.97,20.89,1
1703445477,2571.82,20.76,1
1703445478,2580.67,21.27,1
1703445479,2588.74,21.63,1
1703445480,2594.36,20.05,1
1703445481,2599.52,20.93,1
1703445482,2606.89,20.02,1
1703445483,2613.35,21.97,1
1703445484,2620.66,21.43,1
1703445485,2627.42,20.28,1
1703445486,2633.25,21.49,1
1703445487,2640.9,21.87,1
1703445488,2648.47,21.11,1
1703445489,2658,21.07,1
1703445490,2665.67,20.55,1
1703445491,2673.27,21.21,1
1703445492,2681.11,20.63,1
1703445493,2689.27,21.05,1
1703445494,2697.8,21.93,1
1703445495,2707.21,20.06,1
1703445496,2716.49,20.51,1
1703445497,2723.25,21.58,1
1703445498,2730.32,21.1,1
1703445499,2736.98,20.01,1
1703445500,2742.41,21.31,1
1703445501,2747.86,21.3,1
1703445502,2755.02,21.88,1
1703445503,2760.22,21.64,1
1703445504,2765.49,20.88,1
1703445505,2775.3,20.84,1
1703445506,2784.54,20.21,1
1703445507,2792.43,20.96,1
1703445508,2801.63,20.06,1
1703445509,2807.7,21.81,1
1703445510,2815.85,21.3,1
1703445511,2821.09,20.14,1
1703445512,2830.92,21.95,1
1703445513,2838.79,20.81,1
1703445514,2848.77,20.17,1
1703445515,2856.51,21.35,1
1703445516,2864.32,21.71,1
1703445517,2873.37,21.21,1
1703445518,2883.11,20.74,1
1703445519,2888.93,21.46,1
1703445520,2897.23,20.25,1
1703445521,2902.46,21.02,1
1703445522,2911.54,21.61,1
1703445523,2919.36,21.14,1
1703445524,2926.59,20.35,1
1703445525,2933.47,20.52,1
1703445526,2941.49,20.6,1
1703445527,2948.98,21.79,1
1703445528,2954.37,21.29,1
1703445529,2964.35,21.14,1
1703445530,2972.15,20.93,1
1703445531,2981.38,21.37,1
1703445532,2987.44,20.5,1
1703445533,2993.63,21.53,1
1703445534,2999.43,20.06,1
1703445535,3004.55,20.32,1
1703445536,3012.47,20.61,1
1703445537,3018.11,21.93,1
1703445538,3027.64,21.44,1
1703445539,3036.64,20.35,1
1703445540,3043.77,21.03,1
1703445541,3052.99,20.38,1
1703445542,3058.53,21.96,1
1703445543,3067.33,21.27,1
1703445544,3072.97,20.56,1
1703445545,3080.07,21.11,1
1703445546,3086.16,21.41,1
1703445547,3092.55,21.57,1
1703445548,3098.13,20.84,1
1703445549,3106.03,21.42,1
1703445550,3116.02,21.54,1
1703445551,3122.36,21.25,1
1703445552,3129.15,21.67,1
1703445553,3136.79,21.43,1
1703445554,3143.31,20.44,1
1703445555,3152.55,20.6,1
1703445556,3161.37,21.68,1
1703445557,3170.64,21.09,1
1703445558,3176.49,21.65,1
1703445559,3185.08,20.68,1
1703445560,3192.65,21.92,1
1703445561,3200.7,21.42,1
1703445562,3209.93,21.89,1
1703445563,3217.17,21.76,1
1703445564,3227.01,21.08,1
1703445565,3232.39,20.93,1
1703445566,3241.83,21.63,1
1703445567,3251.2,20.33,1
1703445568,3259.82,20.55,1
1703445569,3267.75,21.31,1
1703445570,3274.95,20.83,1
1703445571,3280.82,20.26,1
1703445572,3287.67,20.25,1
1703445573,3294.51,21.85,1
1703445574,3301.19,20.58,1
1703445575,3309.33,20.36,1
1703445576,3314.72,21.24,1
1703445577,3323.78,21.92,1
1703445578,3330.07,21.71,1
1703445579,3338.77,20.92,1
1703445580,3345.42,21.08,1
1703445581,3354.25,21.05,1
1703445582,3360.77,21.44,1
1703445583,3369.47,21.76,1
1703445584,3374.53,21.16,1
1703445585,3381.39,21.59,1
1703445586,3388.43,20.92,1
1703445587,3396.8,20.2,1
1703445588,3406.72,20.76,1
1703445589,3413.42,21.07,1
1703445590,3423.27,21.76,1
1703445591,3433.27,20.68,1
1703445592,3440.1,21.71,1
1703445593,3447.42,21.99,1
1703445594,3456.17,20.82,1
1703445595,3463.74,21.56,1
1703445596,3473.02,21.05,1
1703445597,3480.13,20.98,1
1703445598,3486.44,20.23,1
1703445599,3496.35,20.9,1
1703445600,3501.47,21.19,1
1703445601,3510.42,20.92,1
1703445602,3517.64,20.58,1
1703445603,3525.47,21.99,1
1703445604,3534.15,21.12,1
1703445605,3539.94,20.33,1
1703445606,3547.95,21.74,1
1703445607,3554.19,21.18,1
1703445608,3560.14,21.19,1
1703445609,3568.63,20.99,1
1703445610,3576.07,20.94,1
1703445611,3582.34,20.02,1
1703445612,3588.18,21.64,1
1703445613,3596.61,21.83,1
1703445614,3606.02,21.83,1
1703445615,3615.96,20.37,1
1703445616,3623.9,20.82,1
1703445617,3631.18,21.63,1
1703445618,3639.96,20.13,1
1703445619,3645.01,20.23,1
1703445620,3654.94,21.96,1
1703445621,3663.53,21.56,1
1703445622,3672.82,21.79,1
1703445623,3679.74,21.38,1
1703445624,3685.12,21.67,1
1703445625,3692.14,20.37,1
1703445626,3699.55,20.06,1
1703445627,3709.17,21.44,1
1703445628,3717.2,20.98,1
1703445629,3723.09,20.93,1
1703445630,3729.35,21.84,1
1703445631,3738.75,21.61,1
1703445632,3746.15,21.62,1
1703445633,3756.06,21.68,1
1703445634,3762.91,21.54,1
1703445635,3769.43,21.76,1
1703445636,3775.17,21.89,1
1703445637,3781.15,21.97,1
1703445638,3786.24,21.12,1
1703445639,3792.58,20.8,1
1703445640,3802.18,21.98,1
1703445641,3811.86,21.45,1
1703445642,3819.23,20.23,1
1703445643,3826.08,21.44,1
1703445644,3835.07,20.34,1
1703445645,3841.35,20.68,1
1703445646,3851.3,21.93,1
1703445647,3859.97,20.03,1
1703445648,3869.26,21.57,1
1703445649,3878.48,21.35,1
1703445650,3886.66,21.38,1
1703445651,3891.98,21.15,1
1703445652,3899.08,20,1
1703445653,3904.66,21.11,1
1703445654,3911.09,21.58,1
1703445655,3919.73,21.48,1
1703445656,3929.45,21.13,1
1703445657,3934.99,21.09,1
1703445658,3944.74,21.67,1
1703445659,3950.47,20.19,1
1703445660,3956.89,21.78,1
1703445661,3966.64,21.11,1
1703445662,3976.46,20.6,1
1703445663,3981.82,21.64,1
1703445664,3989.46,21.67,1
1703445665,3998.8,21.04,1
1703445666,4007.97,21.86,1
1703445667,4017.12,20.36,1
1703445668,4025.29,21.41,1
1703445669,4035.1,20.73,1
1703445670,4041.85,21.45,1
1703445671,4051.27,21.97,1
1703445672,4057.62,20.68,1
1703445673,4065.21,21.24,1
1703445674,4072.28,20.11,1
1703445675,4081.94,21.17,1
1703445676,4088.54,21.88,1
1703445677,4098.51,21.97,1
1703445678,4106.13,21.43,1
1703445679,4111.2,21.96,1
1703445680,4117.11,21.58,1
1703445681,4124.47,21.56,1
1703445682,4131.25,20.62,1
1703445683,4140.27,20.58,1
1703445684,4147.01,20.82,1
1703445685,4154.34,21.64,1
1703445686,4163.48,21.29,1
1703445687,4172.98,20.57,1
1703445688,4182.12,21.18,1
1703445689,4189.28,21.74,1
1703445690,4197.96,21.98,1
1703445691,4204.36,21.23,1
1703445692,4209.84,21.07,1
1703445693,4215.76,20.32,1
1703445694,4225.19,21.21,1
1703445695,4232.62,20.07,1
1703445696,4237.84,21.92,1
1703445697,4247.43,21.08,1
1703445698,4256.38,20.51,1
1703445699,4262.5,21.99,1
1703445700,4269.45,21.24,1
1703445701,4278.66,20.13,1
1703445702,4284.92,20.87,1
1703445703,4292.19,21.35,1
1703445704,4300.71,20.7,1
1703445705,4310.47,20.53,1
1703445706,4319.63,21.26,1
1703445707,4326.85,21.46,1
1703445708,4333.88,21.38,1
1703445709,4343.77,20.57,1
1703445710,4352.29,21.03,1
1703445711,4357.61,20.26,1
1703445712,4366.09,21.32,1
1703445713,4375.79,20.36,1
1703445714,4381.48,20.87,1
1703445715,4391.35,21.86,1
1703445716,4400.39,21.7,1
1703445717,4406,21.38,1
1703445718,4411.86,21.81,1
1703445719,4421.6,21.01,1
1703445720,4428.9,21.13,1
1703445721,4438.05,20.8,1
1703445722,4445.28,20.6,1
1703445723,4451.67,21.45,1
1703445724,4458.46,20.67,1
1703445725,4466.19,20.4,1
1703445726,4472.04,20.67,1
1703445727,4477.82,20.47,1
1703445728,4483.03,20.02,1
1703445729,4490.46,21.24,1
1703445730,4497.62,20.99,1
1703445731,4502.93,20.33,1
1703445732,4508.99,21.73,1
1703445733,4517.92,20.96,1
1703445734,4526.16,20.06,1
1703445735,4531.95,20.14,1
1703445736,4540.37,20.72,1
1703445737,4549.32,20.41,1
1703445738,4558.42,21.08,1
1703445739,4566.05,20.87,1
1703445740,4573.2,21.98,1
1703445741,4582.6,20.37,1
1703445742,4587.87,21.72,1
1703445743,4593.02,21.44,1
1703445744,4598.97,21.05,1
1703445745,4604.43,21.85,1
1703445746,4613.98,21.62,1
1703445747,4620.02,21.03,1
1703445748,4628.08,20.31,1
1703445749,4633.37,20.88,1
1703445750,4641.09,20.79,1
1703445751,4648.13,21.54,1
1703445752,4657.99,21.77,1
1703445753,4667.48,20.48,1
1703445754,4677.36,21.93,1
1703445755,4683.39,21.42,1
1703445756,4691.11,21.25,1
1703445757,4700.89,20.8,1
1703445758,4705.9,20.94,1
1703445759,4712.81,20.72,1
1703445760,4721.22,20.29,1
1703445761,4726.83,21.39,1
1703445762,4733.27,20.08,1
1703445763,4740.21,21.12,1
1703445764,4747.38,21.75,1
1703445765,4754.2,21.3,1
1703445766,4760.99,20.54,1
1703445767,4767.02,21.7,1
1703445768,4775.69,20.43,1
1703445769,4781.88,20.9,1
1703445770,4791.43,20.14,1
1703445771,4800.48,20.51,1
1703445772,4809.6,20.03,1
1703445773,4814.88,20.06,1
1703445774,4821.22,21.96,1
1703445775,4827.18,20.12,1
1703445776,4833.97,21.33,1
1703445777,4842.68,20.9,1
1703445778,4850.61,21.49,1
1703445779,4860.25,20.27,1
1703445780,4869.58,20.38,1
1703445781,4875.89,21.11,1
1703445782,4885.81,21.22,1
1703445783,4892.71,20.03,1
1703445784,4897.88,20.33,1
1703445785,4904.15,20.51,1
1703445786,4912.98,20.85,1
1703445787,4922.52,20.98,1
1703445788,4931.82,21.78,1
1703445789,4937.43,21.5,1
1703445790,4944.19,21.46,1
1703445791,4952.25,21.69,1
1703445792,4962.02,21.42,1
1703445793,4970.22,20.49,1
1703445794,4976.73,20.32,1
1703445795,4983.73,20.97,1
1703445796,4989.09,21.98,1
1703445797,4995.17,21.6,1
1703445798,5001.51,21.05,1
1703445799,5009.05,20.61,1
1703445800,5016.81,20.89,1
1703445801,5025.23,20.9,1
1703445802,5031.28,21.68,1
1703445803,5040.67,21.37,1
1703445804,5047.73,21.2,1
1703445805,5055.11,21.03,1
1703445806,5064.58,21.66,1
1703445807,5070.75,20.5,1
1703445808,5077.06,20.99,1
1703445809,5084.65,20.18,1
1703445810,5092.69,21.21,1
1703445811,5101.3,20.49,1
1703445812,5106.33,20.15,1
1703445813,5111.37,20.37,1
1703445814,5118.88,21.63,1
1703445815,5127.5,20.9,1
1703445816,5134.6,20.44,1
1703445817,5143.39,20.7,1
1703445818,5148.91,21.74,1
1703445819,5157.65,20.19,1
1703445820,5165.82,21.49,1
1703445821,5172.12,21.42,1
1703445822,5180.71,20.75,1
1703445823,5188.15,20.1,1
1703445824,5196.93,20.12,1
1703445825,5202.68,21.97,1
1703445826,5211.4,20.07,1
1703445827,5220.85,21.06,1
1703445828,5230.36,20.78,1
1703445829,5237.65,20.44,1
1703445830,5246.16,20.48,1
1703445831,5254.58,20.9,1
1703445832,5264.07,20.16,1
1703445833,5272,21.54,1
1703445834,5281.55,21.75,1
1703445835,5289.06,21.67,1
1703445836,5297.65,21.51,1
1703445837,5305.39,21.45,1
1703445838,5311.62,20.45,1
1703445839,5316.89,21.32,1
1703445840,5326.62,20.52,1
1703445841,5334.44,21.75,1
1703445842,5344.18,20.9,1
1703445843,5353.94,21.34,1
1703445844,5363.09,20.76,1
1703445845,5369.76,20.78,1
1703445846,5376.97,21.48,1
1703445847,5383.09,21.1,1
1703445848,5391.48,20.25,1
1703445849,5396.86,20.31,1
1703445850,5404.72,20.77,1
1703445851,5410.75,20.24,1
1703445852,5417.16,21.94,1
1703445853,5422.94,21.49,1
1703445854,5429.26,20.72,1
1703445855,5434.77,20.52,1
1703445856,5441.81,20.64,1
1703445857,5451.8,20.84,1
1703445858,5461.18,21.86,1
1703445859,5466.92,20.64,1
1703445860,5473.42,21.21,1
1703445861,5481.45,20.97,1
1703445862,5487.89,20.66,1
1703445863,5495.81,20.05,1
1703445864,5503.36,20.92,1
1703445865,5510.7,21.28,1
1703445866,5518.38,20.42,1
1703445867,5523.56,20.49,1
1703445868,5516.59,21.1,1
1703445869,5511.99,21.17,1
1703445870,5508.14,20.83,1
1703445871,5501.03,21.52,1
1703445872,5508.01,20.6,1
1703445873,5501.37,21.28,1
1703445874,5510.44,20,1
1703445875,5512.94,21.87,1
1703445876,5505.86,20.12,1
1703445877,5506.35,20.98,1
1703445878,5497.43,20.58,1
1703445879,5493.45,20.32,1
1703445880,5501.2,21.15,1
1703445881,5510.92,20.53,1
1703445882,5520.45,21.06,1
1703445883,5515.98,20.21,1
1703445884,5508.91,20.87,1
1703445885,5504.57,21.3,1
1703445886,5498.59,21.22,1
1703445887,5505.65,21.44,1
1703445888,5511.87,20.2,1
1703445889,5517.94,21.95,1
1703445890,5517.98,21.57,1
1703445891,5514.75,21.58,1
1703445892,5523.78,21.86,1
1703445893,5521.49,21.49,1
1703445894,5527.81,20.19,1
1703445895,5530.16,20.85,1
1703445896,5531.08,21.93,1
1703445897,5530.66,21.12,1
1703445898,5524.12,20.23,1
1703445899,5527.42,21.29,1
1703445900,5519.45,21.93,1
1703445901,5509.78,21.19,1
1703445902,5518.14,20.06,1
1703445903,5525.4,21.25,1
1703445904,5532.61,20.32,1
1703445905,5528.75,20.34,1
1703445906,5524.4,21.26,1
1703445907,5522.32,21.33,1
1703445908,5512.86,20.19,1
1703445909,5512.05,20.28,1
1703445910,5508.96,20.37,1
1703445911,5509.51,21.48,1
1703445912,5503.29,21.53,1
1703445913,5499.26,20.32,1
1703445914,5503.12,20.63,1
1703445915,5507.13,21.94,1
1703445916,5511.22,20.58,1
1703445917,5503.66,21.62,1
1703445918,5500.5,20.29,1
1703445919,5501.25,20.35,1
1703445920,5508.01,20.63,1
1703445921,5510.59,20.07,1
1703445922,5502.54,21.84,1
1703445923,5499.18,20.73,1
1703445924,5491.94,20.88,1
1703445925,5489.86,21.63,1
1703445926,5497.42,21.19,1
1703445927,5492.7,20.5,1
1703445928,5497.26,20.77,1
1703445929,5503.96,20.25,1
1703445930,5502.69,21.55,1
1703445931,5495.78,21.51,1
1703445932,5494.66,20.78,1
1703445933,5496.02,20.96,1
1703445934,5491.33,20.04,1
1703445935,5499.17,21.37,1
1703445936,5497.83,20.24,1
1703445937,5503.82,21.15,1
1703445938,5509.21,21.52,1
1703445939,5512.82,21.94,1
1703445940,5509.47,20.97,1
1703445941,5512.77,20.44,1
1703445942,5511.63,20.41,1
1703445943,5505.98,20.11,1
1703445944,5514.24,21.26,1
1703445945,5505.27,21.06,1
1703445946,5505.63,20.91,1
1703445947,5497.2,20.96,1
1703445948,5491.9,21.56,1
1703445949,5483.29,21.99,1
1703445950,5483.34,20.14,1
1703445951,5489.4,21.81,1
1703445952,5488.5,20.48,1
1703445953,5495.86,20.01,1
1703445954,5495.9,21.82,1
1703445955,5499.68,20.11,1
1703445956,5505.55,21.34,1
1703445957,5498.76,21.47,1
1703445958,5507.85,21.69,1
1703445959,5498.14,21.56,1
1703445960,5488.83,20.56,1
1703445961,5494.53,21.34,1
1703445962,5494.25,21.49,1
1703445963,5493.1,20.11,1
1703445964,5486.4,21.12,1
1703445965,5495.98,20.45,1
1703445966,5494.95,21.33,1
1703445967,5486.37,20.32,1
1703445968,5480.95,21.19,1
1703445969,5472.89,21.86,1
1703445970,5481.44,20.23,1
1703445971,5485.8,20.93,1
1703445972,5494.55,21.31,1
1703445973,5495.1,20.02,1
1703445974,5502.53,21.08,1
1703445975,5506.88,21.95,1
1703445976,5513.94,20.76,1
1703445977,5505.27,20.84,1
1703445978,5496.24,21.85,1
1703445979,5491.53,20.73,1
1703445980,5495.51,20.58,1
1703445981,5491.08,21.23,1
1703445982,5500.83,21.77,1
1703445983,5500.96,21.86,1
1703445984,5499.95,20.21,1
1703445985,5503.05,20.98,1
1703445986,5506.69,21.44,1
1703445987,5512.24,20.15,1
1703445988,5504.77,21.13,1
1703445989,5500.28,21.76,1
1703445990,5493.14,21.89,1
1703445991,5487.29,20.9,1
1703445992,5489.66,20.24,1
1703445993,5494.41,20.11,1
1703445994,5495.72,21.7,1
1703445995,5487.66,20.05,1
1703445996,5493.48,20.95,1
1703445997,5484.3,21.34,1
1703445998,5491.26,21.23,1
1703445999,5490.81,21.57,1
1703446000,5499.41,20.06,1
1703446001,5495.56,20.22,1
1703446002,5497.33,20.74,1
1703446003,5504.41,21.94,1
1703446004,5498.48,21.19,1
1703446005,5488.53,20.84,1
1703446006,5484.78,20.54,1
1703446007,5483.78,20.08,1
1703446008,5488.31,20.17,1
1703446009,5487.76,21.44,1
1703446010,5496.13,21.32,1
1703446011,5490.27,21.4,1
1703446012,5493.77,21.92,1
1703446013,5499.66,20.76,1
1703446014,5500.65,21.29,1
1703446015,5491.01,20.7,1
1703446016,5494.8,21.89,1
1703446017,5497.8,21.23,1
1703446018,5506.51,21.71,1
1703446019,5508.45,20.31,1
1703446020,5514.78,21.22,1
1703446021,5512.55,20.06,1
1703446022,5519.05,21.95,1
1703446023,5520.5,20.47,1
1703446024,5519.24,21.24,1
1703446025,5514.14,21.55,1
1703446026,5511.89,21.9,1
1703446027,5508.98,21.93,1
1703446028,5512.18,21.85,1
1703446029,5519.51,20.74,1
1703446030,5509.61,20.88,1
1703446031,5513.21,20.27,1
1703446032,5512.68,21.45,1
1703446033,5514.48,20.43,1
1703446034,5524.32,21.85,1
1703446035,5524.34,21.74,1
1703446036,5531.17,21.19,1
1703446037,5521.77,21.03,1
1703446038,5529.13,20.78,1
1703446039,5526.02,20.12,1
1703446040,5530.29,21.84,1
1703446041,5527.61,20.99,1
1703446042,5517.79,21.58,1
1703446043,5522.72,20.04,1
1703446044,5520.14,21.11,1
1703446045,5525.04,21.97,1
1703446046,5532.87,20.58,1
1703446047,5535.31,21.75,1
1703446048,5536.43,20.16,1
1703446049,5546.24,20.64,1
1703446050,5537.6,20.84,1
1703446051,5543.03,21.47,1
1703446052,5545.34,21.29,1
1703446053,5553.39,20.91,1
1703446054,5553.09,20.6,1
1703446055,5553.76,21.07,1
1703446056,5557.22,21.09,1
1703446057,5566.51,20.66,1
1703446058,5569.35,21.07,1
1703446059,5561.32,21.1,1
1703446060,5564.55,21.04,1
1703446061,5573.09,20.38,1
1703446062,5575.43,21.72,1
1703446063,5581.4,20.61,1
1703446064,5591.27,20.71,1
1703446065,5593.41,21.49,1
1703446066,5589.48,21.98,1
1703446067,5590.43,21.58,1
1703446068,5587.83,20.29,1
1703446069,5583.86,20.06,1
1703446070,5581.25,21.12,1
1703446071,5588.58,20.52,1
1703446072,5590.68,21.15,1
1703446073,5597.53,21.12,1
1703446074,5599.11,20.54,1
1703446075,5603.65,21.35,1
1703446076,5610.02,20.62,1
1703446077,5618.13,21.3,1
1703446078,5624.97,20.22,1
1703446079,5624.99,21.59,1
1703446080,5625.71,20.53,1
1703446081,5635.23,20.4,1
1703446082,5631.86,20.48,1
1703446083,5637.74,20.25,1
1703446084,5642.41,21.32,1
1703446085,5650.19,20.76,1
1703446086,5648.67,21.5,1
1703446087,5643.76,20.69,1
1703446088,5645.7,21.57,1
1703446089,5651.68,21.35,1
1703446090,5656.91,20.72,1
1703446091,5662.58,21.69,1
1703446092,5662.95,21.9,1
1703446093,5664.51,21.69,1
1703446094,5664.15,20.55,1
1703446095,5661.63,20.15,1
1703446096,5670.14,20.33,1
1703446097,5666.66,20.21,1
1703446098,5673.31,20.13,1
1703446099,5674.87,21.93,1
1703446100,5669.5,21.87,1
1703446101,5665.36,20.89,1
1703446102,5665.73,20.86,1
1703446103,5659.35,21.21,1
1703446104,5668.15,21.73,1
1703446105,5673.93,20.49,1
1703446106,5679.81,20.88,1
1703446107,5684.58,21.9,1
1703446108,5680.9,21.22,1
1703446109,5671.08,20.83,1
1703446110,5661.27,21.24,1
1703446111,5667.76,20.38,1
1703446112,5665.73,21.16,1
1703446113,5663.96,20.63,1
1703446114,5663.84,21.63,1
1703446115,5667.9,21.01,1
1703446116,5675.24,21.16,1
1703446117,5665.95,20.31,1
1703446118,5669.1,20.48,1
1703446119,5662.07,20.38,1
1703446120,5663.26,21.26,1
1703446121,5672.11,20.04,1
1703446122,5672.25,21,1
1703446123,5671.78,21.59,1
1703446124,5678.49,20.56,1
1703446125,5680.78,20.87,1
1703446126,5673.96,20.05,1
1703446127,5671.42,21.79,1
1703446128,5666.58,20.28,1
1703446129,5658.95,21.86,1
1703446130,5661.01,21.57,1
1703446131,5657.92,21.26,1
1703446132,5653.03,21.44,1
1703446133,5652.98,21.86,1
1703446134,5662.55,20.23,1
1703446135,5666.12,20.65,1
1703446136,5661.05,20.06,1
1703446137,5651.58,20.95,1
1703446138,5651.61,20.29,1
1703446139,5653.36,20.37,1
1703446140,5643.6,20.85,1
1703446141,5641.01,21.71,1
1703446142,5644.55,20.75,1
1703446143,5636.72,20.6,1
1703446144,5629.22,21,1
1703446145,5632.39,20.01,1
1703446146,5627.41,21.01,1
1703446147,5631.47,21.12,1
1703446148,5632.05,20.52,1
1703446149,5625.07,21.95,1
1703446150,5621.62,20.01,1
1703446151,5618.52,21.42,1
1703446152,5613.02,20.65,1
1703446153,5618.97,21.97,1
1703446154,5625.88,21.46,1
1703446155,5618.62,21.75,1
1703446156,5609.2,20.57,1
1703446157,5618.48,20.3,1
1703446158,5608.86,21.42,1
1703446159,5609,20.76,1
1703446160,5610.81,21.01,1
1703446161,5612.18,20.43,1
1703446162,5607.65,20.92,1
1703446163,5615.15,20.47,1
1703446164,5619.36,20.83,1
1703446165,5614.9,21.51,1
1703446166,5611.91,21.11,1
1703446167,5618.39,21.4,1
1703446168,5610.76,20.85,1
1703446169,5608.81,21.37,1
1703446170,5610.46,20.34,1
1703446171,5618.64,21.73,1
1703446172,5616.02,21.69,1
1703446173,5624.9,21.21,1
1703446174,5621.11,21.09,1
1703446175,5630,21.11,1
1703446176,5635.83,21.24,1
1703446177,5641.37,21.96,1
1703446178,5633.69,21.71,1
1703446179,5635.64,21.98,1
1703446180,5639.48,21.42,1
1703446181,5634.25,21.16,1
1703446182,5631.43,21.11,1
1703446183,5625.72,21.31,1
1703446184,5627.29,20.81,1
1703446185,5629.71,20.69,1
1703446186,5635.35,21.34,1
1703446187,5642.85,20.94,1
1703446188,5652.08,21.74,1
1703446189,5642.87,20.44,1
1703446190,5641.23,21.1,1
1703446191,5647.26,20.37,1
1703446192,5656.9,21.13,1
1703446193,5663.89,20.87,1
1703446194,5657.91,20.54,1
1703446195,5651.94,21.81,1
1703446196,5645.54,21.47,1
1703446197,5654.58,21.46,1
1703446198,5655.53,21.63,1
1703446199,5659.07,20.55,1
1703446200,5665.14,21.87,1
1703446201,5658.87,21.65,1
1703446202,5650.31,21.98,1
1703446203,5659.33,20.8,1
1703446204,5661.89,21.01,1
1703446205,5667.53,20.3,1
1703446206,5658.41,20.91,1
1703446207,5666.7,20.09,1
1703446208,5673.3,20.99,1
1703446209,5669.28,21.71,1
1703446210,5666.95,21.25,1
1703446211,5659.25,20.31,1
1703446212,5652.31,21.84,1
1703446213,5646.94,20.85,1
1703446214,5649.56,20.84,1
1703446215,5641.27,20.66,1
1703446216,5648.28,20.53,1
1703446217,5643.58,21.53,1
1703446218,5649.63,21.76,1
1703446219,5650.53,20.28,1
1703446220,5642.1,21.04,1
1703446221,5648.46,20.31,1
1703446222,5643.54,21.6,1
1703446223,5638.86,21.44,1
1703446224,5632.06,20.61,1
1703446225,5629.88,21.58,1
1703446226,5635.01,20.26,1
1703446227,5628.48,21.62,1
1703446228,5631.24,21.57,1
1703446229,5636.14,21.74,1
1703446230,5638.34,20.02,1
1703446231,5634.8,21.02,1
1703446232,5640.15,20.15,1
1703446233,5643.95,20.09,1
1703446234,5645.29,21.78,1
1703446235,5639.7,21.49,1
1703446236,5644.37,21.71,1
1703446237,5636.56,20.76,1
1703446238,5631.67,20.68,1
1703446239,5627.06,21.9,1
1703446240,5626.41,20.74,1
1703446241,5631.58,21.51,1
1703446242,5630.57,20.49,1
1703446243,5624.36,20.94,1
1703446244,5631.37,20.58,1
1703446245,5622.39,21.64,1
1703446246,5612.53,20.08,1
1703446247,5605.5,21.3,1
1703446248,5608.33,20.37,1
1703446249,5607.45,20.6,1
1703446250,5606.02,20.84,1
1703446251,5613.05,20.49,1
1703446252,5604.3,20.37,1
1703446253,5602.66,21.13,1
1703446254,5595.39,20.62,1
1703446255,5600.41,20.43,1
1703446256,5606.68,20.08,1
1703446257,5604.08,21.19,1
1703446258,5600.24,20.63,1
1703446259,5606.28,20.09,1
1703446260,5600.96,21.69,1
1703446261,5601.54,20.19,1
1703446262,5602.91,21.62,1
1703446263,5605.64,21.61,1
1703446264,5606.89,20.36,1
1703446265,5598.35,20.02,1
1703446266,5588.57,21.76,1
1703446267,5595.91,21.96,1
1703446268,5601.67,20.57,1
1703446269,5596.5,21.27,1
1703446270,5591.53,21.75,1
1703446271,5599.99,21.01,1
1703446272,5598.19,21.9,1
1703446273,5590.55,21.36,1
1703446274,5585.7,20.4,1
1703446275,5591.73,21.64,1
1703446276,5587.04,21.08,1
1703446277,5592.95,20.25,1
1703446278,5583.24,21.47,1
1703446279,5578.03,21.82,1
1703446280,5578.82,20.88,1
1703446281,5583.62,20.38,1
1703446282,5591.7,20.23,1
1703446283,5597.94,21.41,1
1703446284,5602.6,20.56,1
1703446285,5596.12,21.79,1
1703446286,5589.11,20.02,1
1703446287,5579.42,20.11,1
1703446288,5577.99,20.05,1
1703446289,5575.39,21.95,1
1703446290,5581.99,20.89,1
1703446291,5573.17,21.51,1
1703446292,5574.9,21.27,1
1703446293,5573.03,20.26,1
1703446294,5567.1,20.4,1
1703446295,5570.43,21.02,1
1703446296,5576.21,20.81,1
1703446297,5585.34,20.75,1
1703446298,5581,21.32,1
1703446299,5586.14,21.53,1
1703446300,5593.1,20.63,1
1703446301,5585.66,20.41,1
1703446302,5590.33,20.66,1
1703446303,5593.67,20.18,1
1703446304,5601.71,21.94,1
1703446305,5594.4,20.04,1
1703446306,5589.87,20.4,1
1703446307,5598.58,21.19,1
1703446308,5594.58,20.16,1
1703446309,5602.02,21.1,1
1703446310,5609.68,20.72,1
1703446311,5603.56,21.88,1
1703446312,5602.94,21.06,1
1703446313,5612.22,21.2,1
1703446314,5612.25,20.21,1
1703446315,5613.43,21.51,1
1703446316,5609.79,20.76,1
1703446317,5600.98,21.14,1
1703446318,5595.3,20.14,1
1703446319,5593.3,21.58,1
1703446320,5600.46,21.27,1
1703446321,5601.96,21.76,1
1703446322,5609.82,20.5,1
1703446323,5615.94,21.92,1
1703446324,5625.11,21.06,1
1703446325,5628.18,21.04,1
1703446326,5623.32,21.95,1
1703446327,5621.97,21.78,1
1703446328,5623.41,20.67,1
1703446329,5628.73,21.9,1
1703446330,5627.38,20.96,1
1703446331,5631.61,20.14,1
1703446332,5624.88,21.54,1
1703446333,5615.35,20.18,1
1703446334,5617.86,20.1,1
1703446335,5612.94,21.47,1
1703446336,5605.88,21.36,1
1703446337,5608.64,20.39,1
1703446338,5604.5,21.73,1
1703446339,5611.41,21.37,1
1703446340,5611.51,21.87,1
1703446341,5604.85,20.88,1
1703446342,5605.97,21.35,1
1703446343,5603.56,20.46,1
1703446344,5600.03,20.01,1
1703446345,5604.62,20.48,1
1703446346,5602.97,20.05,1
1703446347,5597.23,21.48,1
1703446348,5591.91,20.96,1
1703446349,5589.17,20.22,1
1703446350,5582.64,20.78,1
1703446351,5586.61,21.45,1
1703446352,5580.66,20.31,1
1703446353,5581.57,21.4,1
1703446354,5589.66,21.66,1
1703446355,5579.72,20.81,1
1703446356,5574.67,21.75,1
1703446357,5576.62,21.63,1
1703446358,5575.57,20.82,1
1703446359,5567.65,20.45,1
1703446360,5563.8,21.59,1
1703446361,5565.96,21.92,1
1703446362,5566.34,20.14,1
1703446363,5572.81,20.11,1
1703446364,5579.36,21.01,1
1703446365,5581.87,21.11,1
1703446366,5587.64,21.45,1
1703446367,5588.07,20.27,1
1703446368,5579.49,21.22,1
1703446369,5587.72,20.32,1
1703446370,5584.98,21.23,1
1703446371,5591.71,20.53,1
1703446372,5590.35,20.45,1
1703446373,5581.55,21.83,1
1703446374,5572.86,20.76,1
1703446375,5578,21.86,1
1703446376,5572.1,21.6,1
1703446377,5566.8,21.38,1
1703446378,5570.82,21.13,1
1703446379,5578.69,21.92,1
1703446380,5581.58,21.63,1
1703446381,5584.91,20.56,1
1703446382,5582.12,20.36,1
1703446383,5577.38,21.25,1
1703446384,5567.75,21.45,1
1703446385,5569.25,20.57,1
1703446386,5571.05,20.9,1
1703446387,5578.63,20.47,1
1703446388,5579.74,21.66,1
1703446389,5582.61,20.32,1
1703446390,5589.4,21.86,1
1703446391,5598.47,21.72,1
1703446392,5592.05,21.92,1
1703446393,5583.57,21.8,1
1703446394,5589.97,21.79,1
1703446395,5581.74,21.61,1
1703446396,5587.7,20.17,1
1703446397,5586.32,21.21,1
1703446398,5591.58,20.74,1
1703446399,5594.55,20.13,1
1703446400,5604.17,21.32,1
1703446401,5604.74,20.07,1
1703446402,5600.08,21.93,1
1703446403,5608.54,20.73,1
1703446404,5616.39,21.34,1
1703446405,5617.68,20.63,1
1703446406,5621.11,21.33,1
1703446407,5623.03,21.13,1
1703446408,5620.97,20.24,1
1703446409,5614.63,21.06,1
1703446410,5611.25,20.87,1
1703446411,5608.29,21.2,1
1703446412,5607.52,21.29,1
1703446413,5616.19,21.7,1
1703446414,5609.17,21.12,1
1703446415,5619.03,21.48,1
1703446416,5616.21,21.09,1
1703446417,5612.08,20.19,1
1703446418,5602.33,21.76,1
1703446419,5595.39,20.48,1
1703446420,5595.68,20.16,1
1703446421,5587.84,21.69,1
1703446422,5584.22,21.62,1
1703446423,5577.23,21.99,1
1703446424,5582.36,21.96,1
1703446425,5587.94,20.6,1
1703446426,5592.28,20.89,1
1703446427,5587.64,20.37,1
1703446428,5583.36,20.33,1
1703446429,5576.92,20.21,1
1703446430,5576.85,20.49,1
1703446431,5578.26,21.17,1
1703446432,5573.86,21.89,1
1703446433,5571.32,20.54,1
1703446434,5561.64,21.41,1
1703446435,5553.94,21.23,1
1703446436,5551.77,21.68,1
1703446437,5558.15,20.88,1
1703446438,5561.37,21.22,1
1703446439,5556.16,20.75,1
1703446440,5559.05,21.23,1
1703446441,5558.43,20.67,1
1703446442,5559.61,21.53,1
1703446443,5565.96,20.51,1
1703446444,5559.56,20.34,1
1703446445,5556.17,20.19,1
1703446446,5554.85,21.11,1
1703446447,5561.3,21.78,1
1703446448,5561.67,20.94,1
1703446449,5556.71,20.05,1
1703446450,5566.04,20.51,1
1703446451,5571.7,21.62,1
1703446452,5581.28,21.91,1
1703446453,5572.8,21.47,1
1703446454,5566.89,20.48,1
1703446455,5568.6,20.79,1
1703446456,5567.54,21.13,1
1703446457,5564.4,21.42,1
1703446458,5561.54,21.6,1
1703446459,5558.82,21.48,1
1703446460,5560.32,20.01,1
1703446461,5561.95,21.54,1
1703446462,5570.35,20.35,1
1703446463,5570.15,20.57,1
1703446464,5565.05,20.11,1
1703446465,5565.43,20.71,1
1703446466,5556.78,21.12,1
1703446467,5553.57,20.76,1
1703446468,5552.16,20.12,1
1703446469,5551.16,20.84,1
1703446470,5557.82,20.12,1
1703446471,5563.44,21.96,1
1703446472,5568.11,21.53,1
1703446473,5573.8,21.29,1
1703446474,5564.67,21.69,1
1703446475,5560.62,21.97,1
1703446476,5558.69,20.74,1
1703446477,5560.64,21.59,1
1703446478,5568.74,20.13,1
1703446479,5578.42,20.38,1
1703446480,5585.41,21.48,1
1703446481,5588.78,20.02,1
1703446482,5590.18,20.92,1
1703446483,5590.31,20.73,1
1703446484,5593.5,20.06,1
1703446485,5587.47,21.06,1
1703446486,5597.42,20.57,1
1703446487,5604.92,21.27,1
1703446488,5595.94,21.38,1
1703446489,5600.04,21.86,1
1703446490,5590.57,21.04,1
1703446491,5597.35,21.51,1
1703446492,5589.87,20.79,1
1703446493,5592.76,21.88,1
1703446494,5596.83,20.71,1
1703446495,5595.6,20.46,1
1703446496,5594.81,21.32,1
1703446497,5599.07,20.97,1
1703446498,5605.93,21.2,1
1703446499,5597.38,20.73,1
1703446500,5595.31,20.21,1
1703446501,5600.19,21.16,1
1703446502,5590.54,20.88,1
1703446503,5584.71,21.07,1
1703446504,5578.96,20.04,1
1703446505,5572.39,20.25,1
1703446506,5570.93,20.03,1
1703446507,5568.5,21.33,1
1703446508,5564.3,21.46,1
1703446509,5562.69,21.98,1
1703446510,5554.43,20.32,1
1703446511,5547.51,20.08,1
1703446512,5549.29,21.49,1
1703446513,5552.5,21.09,1
1703446514,5543.64,20.79,1
1703446515,5543,21.04,1
1703446516,5535,20.04,1
1703446517,5538.22,21.82,1
1703446518,5538.13,21.6,1
1703446519,5534.84,20.43,1
1703446520,5530.63,20.05,1
1703446521,5536.39,21.23,1
1703446522,5527.4,21.86,1
1703446523,5536.39,21.52,1
1703446524,5543.38,20.49,1
1703446525,5538.12,21.96,1
1703446526,5528.66,21.92,1
1703446527,5524.88,20.1,1
1703446528,5525.83,21.95,1
1703446529,5517.58,21.76,1
1703446530,5509.83,20.15,1
1703446531,5506.97,21.85,1
1703446532,5513.92,21.65,1
1703446533,5509.12,20.03,1
1703446534,5506.81,20.64,1
1703446535,5510.98,20.43,1
1703446536,5510.29,20.6,1
1703446537,5508.01,20.57,1
1703446538,5504.44,21.06,1
1703446539,5499.99,21.84,1
1703446540,5500.26,20.98,1
1703446541,5499.42,21.19,1
1703446542,5498.83,21.81,1
1703446543,5493.39,20.38,1
1703446544,5484.55,21.15,1
1703446545,5484,21.38,1
1703446546,5490.84,20.3,1
1703446547,5497.09,21.9,1
1703446548,5500.57,21.51,1
1703446549,5509.57,21.88,1
1703446550,5517.41,20.64,1
1703446551,5510.97,21.8,1
1703446552,5512.03,21.49,1
1703446553,5507.65,20.39,1
1703446554,5501.34,20.02,1
1703446555,5494.53,20.59,1
1703446556,5491.23,20.47,1
1703446557,5496.94,20.88,1
1703446558,5504.39,20.13,1
1703446559,5499.34,21.17,1
1703446560,5497.43,20.46,1
1703446561,5490.28,21.13,1
1703446562,5489.25,20.05,1
1703446563,5495.33,20.09,1
1703446564,5486.96,21.57,1
1703446565,5485.67,20.65,1
1703446566,5483.91,20.83,1
1703446567,5480.76,20.71,1
1703446568,5485.01,21.23,1
1703446569,5492.04,21.7,1
1703446570,5496.54,21.44,1
1703446571,5489.7,21.11,1
1703446572,5487.67,21.28,1
1703446573,5483.01,20.46,1
1703446574,5474.42,20.45,1
1703446575,5482.57,20.16,1
1703446576,5475.17,21.19,1
1703446577,5475.04,21.74,1
1703446578,5480.47,21.2,1
1703446579,5475.52,21.42,1
1703446580,5469.07,20.96,1
1703446581,5461.32,21.23,1
1703446582,5467.31,20.04,1
1703446583,5471.42,21.1,1
1703446584,5472.25,20.42,1
1703446585,5465.58,21.94,1
1703446586,5466.39,21.73,1
1703446587,5465.22,21.04,1
1703446588,5456.97,21.54,1
1703446589,5459.28,20.49,1
1703446590,5453.96,21.15,1
1703446591,5450.17,21.62,1
1703446592,5441.11,21.56,1
1703446593,5440.54,20.39,1
1703446594,5450.45,21.03,1
1703446595,5440.5,20.09,1
1703446596,5438.5,20.68,1
1703446597,5437.41,20.77,1
1703446598,5438.22,21.09,1
1703446599,5443.81,21.16,1
1703446600,5437.54,20.73,1
1703446601,5435.32,20.19,1
1703446602,5429.72,21.53,1
1703446603,5423.54,20.44,1
1703446604,5419.36,20.01,1
1703446605,5423.07,21.87,1
1703446606,5421.03,20.91,1
1703446607,5411.38,20.96,1
1703446608,5421.29,21.28,1
1703446609,5420.35,21.25,1
1703446610,5430.32,20.87,1
1703446611,5437.56,20.56,1
1703446612,5428.48,21.4,1
1703446613,5421.05,21.77,1
1703446614,5413.65,20.34,1
1703446615,5420.01,20.93,1
1703446616,5420.33,20.46,1
1703446617,5429.99,20.31,1
1703446618,5436.78,21.34,1
1703446619,5445.72,21.43,1
1703446620,5451.98,21.1,1
1703446621,5458.68,21.53,1
1703446622,5459.03,21.16,1
1703446623,5449.3,21.18,1
1703446624,5445.76,20.39,1
1703446625,5443.09,21.65,1
1703446626,5438.47,21.55,1
1703446627,5437.46,20.26,1
1703446628,5437.21,21.7,1
1703446629,5429.21,20.92,1
1703446630,5419.74,21.55,1
1703446631,5429.15,20.95,1
1703446632,5435.07,21.53,1
1703446633,5438.55,21.48,1
1703446634,5437.94,21.77,1
1703446635,5442.48,21.26,1
1703446636,5445.94,20.62,1
1703446637,5445.68,21.7,1
1703446638,5449.93,20.96,1
1703446639,5447.26,21.82,1
1703446640,5446.06,21.61,1
1703446641,5445.79,21.18,1
1703446642,5455.67,20.99,1
1703446643,5447.36,20.88,1
1703446644,5456.8,20.27,1
1703446645,5449.67,21.36,1
1703446646,5449.63,20.47,1
1703446647,5446.18,20.15,1
1703446648,5437.48,20.61,1
1703446649,5429.23,20.66,1
1703446650,5433.29,21.25,1
1703446651,5424.4,20.04,1
1703446652,5431.47,20.96,1
1703446653,5427.23,20.77,1
1703446654,5432.8,20.91,1
1703446655,5435.24,20.66,1
1703446656,5438.98,20.12,1
1703446657,5435.96,20.78,1
1703446658,5441.9,20.23,1
1703446659,5439.9,21.1,1
1703446660,5443,21.55,1
1703446661,5445.83,21.21,1
1703446662,5450.81,20.26,1
1703446663,5441.55,20.09,1
1703446664,5433.59,20.04,1
1703446665,5435.29,20.15,1
1703446666,5441.58,20.81,1
1703446667,5442.1,20.1,1
1703446668,5440.25,21.22,1
1703446669,5433.7,21.98,1
1703446670,5427.48,20.76,1
1703446671,5420.45,20.59,1
1703446672,5418.35,21.31,1
1703446673,5413.11,20.59,1
1703446674,5411.74,21.13,1
1703446675,5408.61,21.89,1
1703446676,5400.24,21.34,1
1703446677,5402.89,20.82,1
1703446678,5400.02,21.22,1
1703446679,5405.94,21.34,1
1703446680,5399.21,21.18,1
1703446681,5406.45,21.99,1
1703446682,5408.01,21.01,1
1703446683,5409.21,22,1
1703446684,5405.28,21.84,1
1703446685,5397.6,21.9,1
1703446686,5405.69,20.66,1
1703446687,5411.6,21.84,1
1703446688,5408.67,20.32,1
1703446689,5418.36,21.15,1
1703446690,5411.45,21.46,1
1703446691,5403.06,20.81,1
1703446692,5401.73,21.54,1
1703446693,5400.46,21.23,1
1703446694,5405.84,20.84,1
1703446695,5402.5,20.53,1
1703446696,5400.14,20.61,1
1703446697,5402.7,21.42,1
1703446698,5407.53,21.96,1
1703446699,5398.85,20.33,1
1703446700,5406.86,20.5,1
1703446701,5408.87,20.84,1
1703446702,5411.57,21.77,1
1703446703,5402.47,21.61,1
1703446704,5400.23,20.04,1
1703446705,5399.03,21.07,1
1703446706,5399.1,21.2,1
1703446707,5399.74,20.15,1
1703446708,5394.85,20.23,1
1703446709,5385.02,21.41,1
1703446710,5386.7,20.91,1
1703446711,5383.41,20.53,1
1703446712,5392.54,20.24,1
1703446713,5394.61,21.82,1
1703446714,5399.57,21.18,1
1703446715,5398.81,21.02,1
1703446716,5404.99,21.38,1
1703446717,5397.98,21.53,1
1703446718,5388.81,21.09,1
1703446719,5380.61,20.68,1
1703446720,5390.1,21,1
1703446721,5392.59,21.82,1
1703446722,5395.84,20.43,1
1703446723,5396.07,21.03,1
1703446724,5390.36,20.04,1
1703446725,5390.77,21.96,1
1703446726,5395.23,21.45,1
1703446727,5390.58,21.14,1
1703446728,5387.92,21.18,1
1703446729,5383.13,21.39,1
1703446730,5392.7,21.94,1
1703446731,5399.91,21.42,1
1703446732,5395.81,20.04,1
1703446733,5389.06,20.36,1
1703446734,5385.02,21.32,1
1703446735,5383,21.88,1
1703446736,5376.58,21.87,1
1703446737,5366.65,21.88,1
1703446738,5362.31,20.67,1
1703446739,5367.24,20.3,1
1703446740,5373.5,20.26,1
1703446741,5370.33,21.23,1
1703446742,5364.45,20.42,1
1703446743,5359.84,21.87,1
1703446744,5354.55,20.87,1
1703446745,5352.26,20.94,1
1703446746,5359.93,21.85,1
1703446747,5353.42,21.92,1
1703446748,5352.25,20.91,1
1703446749,5353.15,20.36,1
1703446750,5352.07,20.6,1
1703446751,5357.58,20.45,1
1703446752,5352.89,20.74,1
1703446753,5345.88,21.25,1
1703446754,5340.98,21.15,1
1703446755,5345.45,20.52,1
1703446756,5354.4,21.46,1
1703446757,5355.5,21.68,1
1703446758,5347.68,21.1,1
1703446759,5343.28,21.37,1
1703446760,5344.05,21.77,1
1703446761,5339.92,20.39,1
1703446762,5342.19,21.3,1
1703446763,5340.9,21.9,1
1703446764,5332.33,20.04,1
1703446765,5327.45,20.46,1
1703446766,5321.1,21.39,1
1703446767,5319.69,21.15,1
1703446768,5316.21,21.31,1
1703446769,5322.95,20.73,1
1703446770,5313.15,20.01,1
1703446771,5321.53,20.1,1
1703446772,5314.8,20.48,1
1703446773,5320.02,20.06,1
1703446774,5319.39,21.11,1
1703446775,5322.93,21.48,1
1703446776,5314.12,20.62,1
1703446777,5316.64,20.76,1
1703446778,5316.55,20.35,1
1703446779,5318.52,20.52,1
1703446780,5315.89,20.66,1
1703446781,5316.61,20.84,1
1703446782,5309.7,20.48,1
1703446783,5307.62,21.33,1
1703446784,5305.26,21.74,1
1703446785,5303.31,20.61,1
1703446786,5309.88,21.36,1
1703446787,5302.75,20.33,1
1703446788,5306.78,20.54,1
1703446789,5297.81,20.15,1
1703446790,5294.27,20.9,1
1703446791,5297.85,21.66,1
1703446792,5290.94,21.98,1
1703446793,5291.76,21.69,1
1703446794,5289.8,21.87,1
1703446795,5283.88,20.48,1
1703446796,5289.07,20.61,1
1703446797,5292.34,20.2,1
1703446798,5301.39,21,1
1703446799,5301.57,20.68,1
1703446800,5296.13,21.04,1
1703446801,5286.66,21.35,1
1703446802,5292.83,20.08,1
1703446803,5283.33,21.46,1
1703446804,5288.54,20.78,1
1703446805,5286.98,20.04,1
1703446806,5296.26,20.26,1
1703446807,5289.28,20.15,1
1703446808,5281.51,20.93,1
1703446809,5288.88,21.02,1
1703446810,5289.7,21.76,1
1703446811,5286.02,20.76,1
1703446812,5289.82,21.58,1
1703446813,5293.1,21.94,1
1703446814,5292.77,20.02,1
1703446815,5286.6,20.23,1
1703446816,5292.88,21.04,1
1703446817,5298.01,21.17,1
1703446818,5305.66,21.16,1
1703446819,5300.11,21.43,1
1703446820,5303.17,20.48,1
1703446821,5297.06,20.19,1
1703446822,5306.07,20.16,1
1703446823,5302.96,20.66,1
1703446824,5303.54,20.63,1
1703446825,5299.11,20.62,1
1703446826,5291.54,21.04,1
1703446827,5297.91,21.09,1
1703446828,5304.64,21.13,1
1703446829,5297.05,21.53,1
1703446830,5289.42,20.7,1
1703446831,5282.24,21.05,1
1703446832,5284.54,21.22,1
1703446833,5283.86,20.53,1
1703446834,5282.72,20.21,1
1703446835,5283.42,20.22,1
1703446836,5287.63,21.63,1
1703446837,5292.13,21.05,1
1703446838,5289.67,21.42,1
1703446839,5282.05,21.01,1
1703446840,5279.05,20.96,1
1703446841,5286.03,21.94,1
1703446842,5295.78,21.08,1
1703446843,5304.09,21.86,1
1703446844,5302.25,21.46,1
1703446845,5293.12,20.1,1
1703446846,5286.13,20.26,1
1703446847,5288.64,20.2,1
1703446848,5291.56,20.99,1
1703446849,5284.54,21.67,1
1703446850,5277.28,21.33,1
1703446851,5284.49,20.14,1
1703446852,5276.75,21.45,1
1703446853,5282.27,20.7,1
1703446854,5272.79,20.15,1
1703446855,5277.15,21.92,1
1703446856,5270.43,21.09,1
1703446857,5275.57,21.67,1
1703446858,5282.33,21.36,1
1703446859,5289.77,20.66,1
1703446860,5284.47,20.19,1
1703446861,5274.63,20.51,1
1703446862,5276.23,20.89,1
1703446863,5267.29,21.12,1
1703446864,5257.67,20.55,1
1703446865,5254.97,21.32,1
1703446866,5255.56,21.88,1
1703446867,5264.55,21.15,1
1703446868,5269.4,21.44,1
1703446869,5276.88,20.62,1
1703446870,5276.77,20.01,1
1703446871,5276.42,21.54,1
1703446872,5272.04,20,1
1703446873,5279.03,20.35,1
1703446874,5274.15,20.99,1
1703446875,5279.59,21.71,1
1703446876,5272.08,21.41,1
1703446877,5281.68,21.68,1
1703446878,5276.01,20.44,1
1703446879,5276.29,21.74,1
1703446880,5270.08,21.96,1
1703446881,5267.44,21.51,1
1703446882,5275.09,20.56,1
1703446883,5281.47,21.66,1
1703446884,5272.46,20.95,1
1703446885,5277.35,21.52,1
1703446886,5283.89,20.12,1
1703446887,5276.81,20.66,1
1703446888,5277.96,21.48,1
1703446889,5271.19,21.83,1
1703446890,5270.17,20.75,1
1703446891,5261.91,20.79,1
1703446892,5266.16,21.45,1
1703446893,5261.4,20.47,1
1703446894,5264.75,20.59,1
1703446895,5264.49,20.53,1
1703446896,5269.38,21.05,1
1703446897,5259.79,21.79,1
1703446898,5250.08,20.35,1
1703446899,5251.5,20.55,1
1703446900,5260.04,20.89,1
1703446901,5250.81,20.82,1
1703446902,5245.28,21.53,1
1703446903,5242.75,20.4,1
1703446904,5251.01,20.37,1
1703446905,5249.34,20.32,1
1703446906,5243.07,21.63,1
1703446907,5243.05,20.76,1
1703446908,5238.08,21.65,1
1703446909,5247.15,21.84,1
1703446910,5255.25,21.23,1
1703446911,5261.32,21.11,1
1703446912,5270.95,20.68,1
1703446913,5271.04,20.12,1
1703446914,5264.71,21.03,1
1703446915,5271.62,20.31,1
1703446916,5276.88,21.22,1
1703446917,5276.39,20.65,1
1703446918,5279.24,20.47,1
1703446919,5269.65,20.81,1
1703446920,5267.68,20.95,1
1703446921,5268.54,20.43,1
1703446922,5275.57,20.19,1
1703446923,5279.69,20.5,1
1703446924,5278.31,21.2,1
1703446925,5274.37,20.69,1
1703446926,5271.87,21.33,1
1703446927,5267.53,20.39,1
1703446928,5260.37,21.92,1
1703446929,5263.01,21.04,1
1703446930,5268.51,20.24,1
1703446931,5274.41,21.37,1
1703446932,5273.91,21.58,1
1703446933,5278.97,20.71,1
1703446934,5285.43,20.38,1
1703446935,5295.42,21.28,1
1703446936,5296.91,21.74,1
1703446937,5288.09,21.25,1
1703446938,5296.22,21.81,1
1703446939,5290.85,20.06,1
1703446940,5285.52,21.74,1
1703446941,5294.38,21.32,1
1703446942,5293.04,21.09,1
1703446943,5283.74,20.58,1
1703446944,5276.08,21.63,1
1703446945,5267.46,20.1,1
1703446946,5275.6,21.48,1
1703446947,5272.47,20.28,1
1703446948,5264.26,21.42,1
1703446949,5269.75,21.61,1
1703446950,5275.13,21.31,1
1703446951,5278.61,21.71,1
1703446952,5269.88,21.71,1
1703446953,5273.61,20.74,1
1703446954,5272.21,20.94,1
1703446955,5280.88,21.56,1
1703446956,5273.62,20.94,1
1703446957,5271.25,20.33,1
1703446958,5269.4,21.54,1
1703446959,5262.17,20.37,1
1703446960,5252.17,20.52,1
1703446961,5260.4,20.91,1
1703446962,5256.78,20.36,1
1703446963,5258.38,21.03,1
1703446964,5265,21.09,1
1703446965,5256.68,21.76,1
1703446966,5256.49,20.62,1
1703446967,5262.82,21.69,1
1703446968,5253.36,20.39,1
1703446969,5262.65,20.96,1
1703446970,5268.58,20.12,1
1703446971,5270.15,20.14,1
1703446972,5262.61,20.71,1
1703446973,5253.16,21.42,1
1703446974,5254.98,20.96,1
1703446975,5260.61,20.34,1
1703446976,5268.49,20.07,1
1703446977,5261.33,21.54,1
1703446978,5269.32,20.65,1
1703446979,5266.15,20.94,1
1703446980,5266.46,20.69,1
1703446981,5263.73,21.07,1
1703446982,5258.48,20.59,1
1703446983,5255.5,20.4,1
1703446984,5248.15,21.95,1
1703446985,5251.65,20.41,1
1703446986,5249.88,21.12,1
1703446987,5247.64,21.18,1
1703446988,5241.74,21.31,1
1703446989,5239.77,21.44,1
1703446990,5231.28,20.12,1
1703446991,5232.86,20.7,1
1703446992,5232.1,21.43,1
1703446993,5223.45,20.29,1
1703446994,5230.52,20.97,1
1703446995,5224.21,20.52,1
1703446996,5219.16,20.29,1
1703446997,5226.12,20.94,1
1703446998,5235.31,21.24,1
1703446999,5245.1,20.57,1
1703447000,5245.99,20.09,1
1703447001,5242.39,21.84,1
1703447002,5250.96,20.6,1
1703447003,5242.41,21.36,1
1703447004,5248.94,21.63,1
1703447005,5251.97,20.87,1
1703447006,5248.32,20.07,1
1703447007,5249.04,20.36,1
1703447008,5248.63,21.38,1
1703447009,5250.36,21.16,1
1703447010,5251.72,21.35,1
1703447011,5257.3,21.28,1
1703447012,5259.72,21.52,1
1703447013,5256.78,21.53,1
1703447014,5258.98,21.66,1
1703447015,5258.47,21.56,1
1703447016,5265.42,20.56,1
1703447017,5266.15,20.43,1
1703447018,5262.16,20.62,1
1703447019,5255.73,20.78,1
1703447020,5256.03,21.31,1
1703447021,5263.36,20.45,1
1703447022,5256.73,21.25,1
1703447023,5249.86,20.1,1
1703447024,5241.24,21.97,1
1703447025,5238.49,21.98,1
1703447026,5237.63,20.63,1
1703447027,5247.34,20.01,1
1703447028,5247.8,20.95,1
1703447029,5252.46,20.7,1
1703447030,5244.19,21.24,1
1703447031,5235.61,21.45,1
1703447032,5235.15,21.7,1
1703447033,5225.63,21.55,1
1703447034,5224.8,20.85,1
1703447035,5226.56,20.45,1
1703447036,5230.13,20.1,1
1703447037,5228.31,20.81,1
1703447038,5222.79,20.53,1
1703447039,5224.63,21.19,1
1703447040,5234.6,21.1,1
1703447041,5238.73,21.86,1
1703447042,5241.32,21.05,1
1703447043,5234.02,21.14,1
1703447044,5229.69,21.51,1
1703447045,5230.29,21.48,1
1703447046,5231.66,21.07,1
1703447047,5237.76,21.44,1
1703447048,5241.99,21.37,1
1703447049,5248.47,21.04,1
1703447050,5257.95,20.77,1
1703447051,5251.44,21.83,1
1703447052,5251.7,21.78,1
1703447053,5249.27,20.36,1
1703447054,5245.4,20.53,1
1703447055,5248.82,20.18,1
1703447056,5241.15,21.78,1
1703447057,5236.48,21.66,1
1703447058,5228,20.4,1
1703447059,5227.01,21.54,1
1703447060,5221.41,21.1,1
1703447061,5212.51,20.93,1
1703447062,5209.45,20.98,1
1703447063,5219.02,20.72,1
1703447064,5225.29,20.34,1
1703447065,5226.97,21.01,1
1703447066,5218.74,20.49,1
1703447067,5226.28,21.59,1
1703447068,5219.75,20.68,1
1703447069,5211.21,20.59,1
1703447070,5201.58,20.48,1
1703447071,5195.89,21.77,1
1703447072,5190.47,20.91,1
1703447073,5181.05,20.17,1
1703447074,5174.47,20.47,1
1703447075,5168.23,20.87,1
1703447076,5160.46,20.6,1
1703447077,5153.97,21.61,1
1703447078,5148.52,21.33,1
1703447079,5143.45,21.54,1
1703447080,5138.24,21.11,1
1703447081,5132.59,21.83,1
1703447082,5125.04,20.15,1
1703447083,5119.52,21.18,1
1703447084,5110.46,21.2,1
1703447085,5102.22,21.71,1
1703447086,5095.02,21.72,1
1703447087,5088.82,21.77,1
1703447088,5082.03,20.52,1
1703447089,5073.05,20.3,1
1703447090,5065.88,21.64,1
1703447091,5057.52,21.34,1
1703447092,5048.12,20.34,1
1703447093,5040.53,21.13,1
1703447094,5031.99,20.62,1
1703447095,5024.29,21.5,1
1703447096,5017.16,20.53,1
1703447097,5011.78,20.12,1
1703447098,5003.36,20.35,1
1703447099,4998.27,20.63,1
1703447100,4991.03,21.29,1
1703447101,4982.54,21.98,1
1703447102,4975.19,20.85,1
1703447103,4969.04,20.48,1
1703447104,4961.88,21.64,1
1703447105,4954.66,21.28,1
1703447106,4945.98,20.21,1
1703447107,4937.5,20.62,1
1703447108,4932,20.25,1
1703447109,4923.14,21.2,1
1703447110,4916.53,21.38,1
1703447111,4908.97,20.04,1
1703447112,4902.44,21.55,1
1703447113,4896.74,21.2,1
1703447114,4887.8,21.01,1
1703447115,4878.94,20.57,1
1703447116,4872.9,20.98,1
1703447117,4866.42,20.94,1
1703447118,4857.3,21.14,1
1703447119,4850.92,20.36,1
1703447120,4844.85,21.07,1
1703447121,4835.93,20.34,1
1703447122,4829.86,20.92,1
1703447123,4824.86,21.97,1
1703447124,4818.15,21.11,1
1703447125,4812.7,21.8,1
1703447126,4807.16,21.69,1
1703447127,4799.36,21.01,1
1703447128,4793.5,20.61,1
1703447129,4787.53,20.9,1
1703447130,4781.3,21.49,1
1703447131,4773.53,21.96,1
1703447132,4766.58,21.17,1
1703447133,4760.52,20.55,1
1703447134,4752.85,20.89,1
1703447135,4746.12,21.64,1
1703447136,4738.77,21.93,1
1703447137,4732.13,21.96,1
1703447138,4723.67,20.03,1
1703447139,4716.22,21.17,1
1703447140,4709.85,21.01,1
1703447141,4700.01,20.49,1
1703447142,4694.09,21.88,1
1703447143,4684.52,21.17,1
1703447144,4674.98,20.91,1
1703447145,4669.59,21.86,1
1703447146,4664.18,21.96,1
1703447147,4658.29,20.93,1
1703447148,4650.61,20.59,1
1703447149,4641.49,21.72,1
1703447150,4633.71,21.02,1
1703447151,4624.54,20.1,1
1703447152,4615.01,20.7,1
1703447153,4608.7,21.55,1
1703447154,4600.18,20.91,1
1703447155,4592.08,20.44,1
1703447156,4583.21,20.09,1
1703447157,4574.87,21.76,1
1703447158,4566.08,20.08,1
1703447159,4557.43,20.58,1
1703447160,4551.1,21.72,1
1703447161,4542.84,21.2,1
1703447162,4534.32,20.96,1
1703447163,4525.93,20.33,1
1703447164,4520.68,20.37,1
1703447165,4514.83,20.89,1
1703447166,4506.69,20.55,1
1703447167,4501.38,21.95,1
1703447168,4494.2,20.55,1
1703447169,4484.33,21.1,1
1703447170,4477.17,20.57,1
1703447171,4472.11,21.04,1
1703447172,4466.59,21.37,1
1703447173,4457.96,21.64,1
1703447174,4449.3,21.68,1
1703447175,4444.23,20.65,1
1703447176,4437.36,20.4,1
1703447177,4427.44,20.97,1
1703447178,4419.77,21.56,1
1703447179,4414.62,20.94,1
1703447180,4405.26,20.33,1
1703447181,4396.45,21.2,1
1703447182,4388.01,20.99,1
1703447183,4382.49,20.92,1
1703447184,4373.39,21.52,1
1703447185,4363.7,20.59,1
1703447186,4356.03,21.34,1
1703447187,4350.61,21.93,1
1703447188,4340.68,20.97,1
1703447189,4334.45,21.78,1
1703447190,4326.31,20.99,1
1703447191,4320.37,21.69,1
1703447192,4312.65,21.67,1
1703447193,4304.68,21.14,1
1703447194,4298.24,21.51,1
1703447195,4291.28,21.76,1
1703447196,4281.52,21.25,1
1703447197,4273.46,20.42,1
1703447198,4265.99,21.87,1
1703447199,4258.92,20.58,1
1703447200,4253.48,20.27,1
1703447201,4244.23,21.92,1
1703447202,4234.77,20.81,1
1703447203,4227.64,21.08,1
1703447204,4222.45,20.21,1
1703447205,4213.48,20.29,1
1703447206,4204.6,21.51,1
1703447207,4196.64,21.79,1
1703447208,4188.59,20.64,1
1703447209,4182.01,20.26,1
1703447210,4175.57,21.56,1
1703447211,4165.68,21.52,1
1703447212,4158.59,20.25,1
1703447213,4150,20.39,1
1703447214,4140.55,20.62,1
1703447215,4132,21.76,1
1703447216,4126.95,21.03,1
1703447217,4121.11,20.24,1
1703447218,4115.29,21.34,1
1703447219,4108.86,21.89,1
1703447220,4103.23,20.66,1
1703447221,4094.1,21,1
1703447222,4088.26,20.97,1
1703447223,4082.48,20.04,1
1703447224,4073.66,21.97,1
1703447225,4066.85,21.75,1
1703447226,4058.36,20.32,1
1703447227,4049.06,21.9,1
1703447228,4039.51,20.51,1
1703447229,4033.01,21.2,1
1703447230,4023.45,21.28,1
1703447231,4016.95,21.2,1
1703447232,4011.62,20.88,1
1703447233,4005.6,21.74,1
1703447234,3996.8,21.96,1
1703447235,3989.8,20.73,1
1703447236,3983.06,21.89,1
1703447237,3976.05,20.07,1
1703447238,3967.55,21.22,1
1703447239,3962.18,21.52,1
1703447240,3952.78,21.85,1
1703447241,3943.48,21.79,1
1703447242,3935.83,20.03,1
1703447243,3927.46,21.62,1
1703447244,3918.89,21.77,1
1703447245,3912.61,21.87,1
1703447246,3905.84,20.23,1
1703447247,3895.86,21.5,1
1703447248,3886.04,20.87,1
1703447249,3876.48,20.61,1
1703447250,3870.63,21.78,1
1703447251,3865.17,21.95,1
1703447252,3856.13,21.11,1
1703447253,3848.95,21.89,1
1703447254,3842.08,20.94,1
1703447255,3836.18,21.5,1
1703447256,3828.16,21.44,1
1703447257,3823.11,21.84,1
1703447258,3814.72,21.21,1
1703447259,3809.67,21.66,1
1703447260,3799.97,20.83,1
1703447261,3793.65,20.12,1
1703447262,3784,21.98,1
1703447263,3774.88,21.66,1
1703447264,3767.87,20.17,1
1703447265,3758.9,20.17,1
1703447266,3750.07,21.29,1
1703447267,3742.95,21.21,1
1703447268,3736.37,21.31,1
1703447269,3728.64,21.4,1
1703447270,3722.66,20.19,1
1703447271,3714.99,20.38,1
1703447272,3708.59,21.76,1
1703447273,3702.59,20.88,1
1703447274,3693.82,20.3,1
1703447275,3686.15,20.2,1
1703447276,3680.69,20.22,1
1703447277,3671.85,20.78,1
1703447278,3665.88,20.22,1
1703447279,3656.1,20.44,1
1703447280,3646.97,20.1,1
1703447281,3639.47,20.38,1
1703447282,3631.7,20.13,1
1703447283,3621.83,21.08,1
1703447284,3612.5,20.87,1
1703447285,3605.19,21.21,1
1703447286,3597.08,20.59,1
1703447287,3587.63,20.58,1
1703447288,3580.54,20.57,1
1703447289,3574.89,21.49,1
1703447290,3568.81,21.32,1
1703447291,3559.22,20.14,1
1703447292,3554.05,21.52,1
1703447293,3544.77,20.67,1
1703447294,3536.48,21.05,1
1703447295,3527.73,20.18,1
1703447296,3519.88,21.9,1
1703447297,3514.34,21.62,1
1703447298,3506.11,21.49,1
1703447299,3500.93,20.32,1
1703447300,3495.01,20.81,1
1703447301,3489.48,21.13,1
1703447302,3483.66,20.07,1
1703447303,3478.2,21.94,1
1703447304,3469.65,21.71,1
1703447305,3463.04,20.33,1
1703447306,3457.87,20.01,1
1703447307,3449.22,20.49,1
1703447308,3444.21,21.62,1
1703447309,3437.06,20.38,1
1703447310,3431.17,21.89,1
1703447311,3421.59,21.24,1
1703447312,3414.77,21.91,1
1703447313,3409.32,20.09,1
1703447314,3402.39,20.86,1
1703447315,3396.3,20.06,1
1703447316,3390.77,21.76,1
1703447317,3384.01,20.88,1
1703447318,3374.67,21.48,1
1703447319,3366.13,21.55,1
1703447320,3357.84,21.56,1
1703447321,3352.71,21.84,1
1703447322,3344.1,20.6,1
1703447323,3337.66,20.38,1
1703447324,3330.46,20.98,1
1703447325,3323.68,21.2,1
1703447326,3314.33,20.16,1
1703447327,3308.16,21.94,1
1703447328,3301.85,21.19,1
1703447329,3295.17,21.81,1
1703447330,3288.97,20.36,1
1703447331,3279.14,20.1,1
1703447332,3272.15,20.46,1
1703447333,3265.71,21.54,1
1703447334,3256.14,21.06,1
1703447335,3247.67,20.9,1
1703447336,3240.81,20.57,1
1703447337,3231.23,21.54,1
1703447338,3223.19,20.97,1
1703447339,3215.35,21.39,1
1703447340,3209.05,21.94,1
1703447341,3200.77,20.83,1
1703447342,3193.33,20.41,1
1703447343,3185.05,21.02,1
1703447344,3176.39,21.52,1
1703447345,3167.87,21.14,1
1703447346,3159.87,20.65,1
1703447347,3151.16,21.32,1
1703447348,3144.18,20.29,1
1703447349,3134.7,21.49,1
1703447350,3125.56,21.84,1
1703447351,3120.39,21.32,1
1703447352,3113.73,20.96,1
1703447353,3105.95,21.19,1
1703447354,3096,21.85,1
1703447355,3090.55,21.14,1
1703447356,3085.2,20.47,1
1703447357,3078.88,21.47,1
1703447358,3071,21.4,1
1703447359,3061.2,20.86,1
1703447360,3054.77,20.83,1
1703447361,3045.22,21.25,1
1703447362,3038.7,21.16,1
1703447363,3033.03,21.73,1
1703447364,3023.81,20.67,1
1703447365,3015.48,21.96,1
1703447366,3009.95,21.06,1
1703447367,3004.3,20.03,1
1703447368,2996.1,21.68,1
1703447369,2987.86,20.68,1
1703447370,2982.63,21.86,1
1703447371,2972.7,21.65,1
1703447372,2965.89,20.42,1
1703447373,2959.36,20.26,1
1703447374,2953.86,20.71,1
1703447375,2944.7,20.98,1
1703447376,2936.76,20.65,1
1703447377,2928.95,21.18,1
1703447378,2920.31,20.49,1
1703447379,2913.69,20.21,1
1703447380,2904.21,20.02,1
1703447381,2898.44,21.33,1
1703447382,2890.29,20.06,1
1703447383,2882.22,20.01,1
1703447384,2876.93,21.04,1
1703447385,2870.25,20.33,1
1703447386,2862.33,20.86,1
1703447387,2854.88,20.51,1
1703447388,2845.72,20.46,1
1703447389,2837.97,21.43,1
1703447390,2829.64,21.05,1
1703447391,2822.3,21.94,1
1703447392,2816.09,21.58,1
1703447393,2809.26,20.94,1
1703447394,2803.93,20.06,1
1703447395,2797.83,20.36,1
1703447396,2790.85,20.78,1
1703447397,2783.67,20.62,1
1703447398,2775.9,20,1
1703447399,2769.51,21.45,1
1703447400,2762.77,20.98,1
1703447401,2755.41,20.87,1
1703447402,2747.35,20.63,1
1703447403,2740.99,21.94,1
1703447404,2731.38,20.33,1
1703447405,2724.92,20.05,1
1703447406,2718.12,20.74,1
1703447407,2709.32,20.01,1
1703447408,2702.35,20.39,1
1703447409,2693.53,21.62,1
1703447410,2686.38,21.45,1
1703447411,2680.72,21.91,1
1703447412,2672.5,20.83,1
1703447413,2666.45,20.04,1
1703447414,2658.1,21.64,1
1703447415,2651.3,21.36,1
1703447416,2644.86,21.02,1
1703447417,2636.53,21.2,1
1703447418,2630.13,20.12,1
1703447419,2622.91,20.54,1
1703447420,2617.8,20.77,1
1703447421,2608.69,21.6,1
1703447422,2599.77,21.77,1
1703447423,2590.67,21.6,1
1703447424,2584.75,20.7,1
1703447425,2578.14,20.6,1
1703447426,2572.42,21.75,1
1703447427,2565.95,20.02,1
1703447428,2556.16,20.7,1
1703447429,2547.54,20.08,1
1703447430,2537.61,21.77,1
1703447431,2531.82,21.62,1
1703447432,2524.01,21.5,1
1703447433,2515.01,20.61,1
1703447434,2506.17,20.91,1
1703447435,2498.49,21.97,1
1703447436,2493.31,21.8,1
1703447437,2484.33,20.21,1
1703447438,2478.41,20.03,1
1703447439,2469.49,20.36,1
1703447440,2460.32,21.81,1
1703447441,2453.43,21.34,1
1703447442,2447.79,20.89,1
1703447443,2440.86,20.05,1
1703447444,2433.4,20.23,1
1703447445,2427.99,20.56,1
1703447446,2419.08,21.69,1
1703447447,2412.93,20.6,1
1703447448,2407.07,21.65,1
1703447449,2398.14,20.28,1
1703447450,2392.08,21.5,1
1703447451,2382.26,21.97,1
1703447452,2376.66,20.7,1
1703447453,2367.82,21.01,1
1703447454,2360.3,20.86,1
1703447455,2354.4,21.05,1
1703447456,2348.52,21.8,1
1703447457,2339.43,20.55,1
1703447458,2333.96,21.76,1
1703447459,2328.17,20.14,1
1703447460,2321.02,20.4,1
1703447461,2314.93,21.31,1
1703447462,2307.15,21.54,1
1703447463,2300.73,21.76,1
1703447464,2291.85,20.62,1
1703447465,2283.7,21.83,1
1703447466,2278.43,20.22,1
1703447467,2270.56,21.63,1
1703447468,2265,20.76,1
1703447469,2257.84,21.22,1
1703447470,2251.31,21,1
1703447471,2243.06,20.71,1
1703447472,2235.51,20.61,1
1703447473,2230.39,21.12,1
1703447474,2223.3,20.22,1
1703447475,2214.44,21.25,1
1703447476,2207,20.59,1
1703447477,2199.64,21.36,1
1703447478,2193.08,21.62,1
1703447479,2186.24,20.05,1
1703447480,2180.91,21.78,1
1703447481,2173.38,20.87,1
1703447482,2167.39,20.56,1
1703447483,2158.75,21.87,1
1703447484,2149.08,21.46,1
1703447485,2142.32,20.02,1
1703447486,2136,21.61,1
1703447487,2128,20.57,1
1703447488,2118.61,21.4,1
1703447489,2111.29,20.58,1
1703447490,2104.18,21.14,1
1703447491,2094.97,21.32,1
1703447492,2085.17,21.39,1
1703447493,2078.82,21.69,1
1703447494,2070.77,20.06,1
1703447495,2062.14,20.02,1
1703447496,2056.99,21.38,1
1703447497,2048.64,20.79,1
1703447498,2040.55,20.29,1
1703447499,2034.48,21.91,1
1703447500,2025.67,21.52,1
1703447501,2018.44,21.86,1
1703447502,2012.01,21.39,1
1703447503,2006.64,21.79,1
1703447504,1998.13,20.51,1
1703447505,1989.41,20.65,1
1703447506,1983.88,21.36,1
1703447507,1976.55,20.63,1
1703447508,1967.69,21.6,1
1703447509,1960.06,21.07,1
1703447510,1951.27,21.25,1
1703447511,1943.54,20.67,1
1703447512,1938.27,20.22,1
1703447513,1928.48,20.18,1
1703447514,1920.29,20.63,1
1703447515,1912.84,20.99,1
1703447516,1906.27,20.4,1
1703447517,1899.97,20.59,1
1703447518,1891.68,20.92,1
1703447519,1886.28,20.37,1
1703447520,1881.19,21.31,1
1703447521,1872.94,21.61,1
1703447522,1864.39,20.94,1
1703447523,1857.68,21.78,1
1703447524,1848.68,20.56,1
1703447525,1839.98,20.15,1
1703447526,1830.1,20.18,1
1703447527,1823.59,21.53,1
1703447528,1816.31,20.46,1
1703447529,1808.43,20.85,1
1703447530,1800.92,20.13,1
1703447531,1795.76,20.77,1
1703447532,1789.44,20.05,1
1703447533,1781.74,21.71,1
1703447534,1772.39,20.12,1
1703447535,1763.58,21.4,1
1703447536,1755.52,21.22,1
1703447537,1747.25,20.1,1
1703447538,1738.28,20.59,1
1703447539,1730.46,20.14,1
1703447540,1724.13,21.1,1
1703447541,1714.93,21.27,1
1703447542,1705.67,21.18,1
1703447543,1696.73,21.32,1
1703447544,1691.71,21.08,1
1703447545,1686.13,21.09,1
1703447546,1680.81,20.98,1
1703447547,1675.3,20.32,1
1703447548,1668.87,20.82,1
1703447549,1661.84,20,1
1703447550,1652.39,21.6,1
1703447551,1645.9,20.51,1
1703447552,1640.47,21.78,1
1703447553,1632.47,20.37,1
1703447554,1626,20,1
1703447555,1619.01,20.46,1
1703447556,1609.15,20.08,1
1703447557,1603.4,21.11,1
1703447558,1595.04,21.91,1
1703447559,1586.03,20.35,1
1703447560,1579.1,21.26,1
1703447561,1572.8,21,1
1703447562,1565.35,20.88,1
1703447563,1557.04,20.78,1
1703447564,1548.62,21.7,1
1703447565,1538.8,21.22,1
1703447566,1531.98,20.77,1
1703447567,1524,20.31,1
1703447568,1516.73,21.54,1
1703447569,1508.95,20.59,1
1703447570,1502.7,21.56,1
1703447571,1496.44,21.1,1
1703447572,1490.06,20.87,1
1703447573,1482.61,21.24,1
1703447574,1475.62,21.63,1
1703447575,1469.68,20.04,1
1703447576,1464.03,21.27,1
1703447577,1457.26,20.65,1
1703447578,1448.85,21.28,1
1703447579,1441.45,21.38,1
1703447580,1435.67,20.3,1
1703447581,1428.64,21.42,1
1703447582,1423.12,20.12,1
1703447583,1413.2,21.24,1
1703447584,1405.27,20.17,1
1703447585,1399.1,21.99,1
1703447586,1393.09,20.27,1
1703447587,1387.84,21.16,1
1703447588,1381.19,21.19,1
1703447589,1376.17,20.54,1
1703447590,1366.42,21.81,1
1703447591,1360.48,21.72,1
1703447592,1352.87,21.82,1
1703447593,1344.95,21.03,1
1703447594,1339.64,20.1,1
1703447595,1330.22,20.93,1
1703447596,1322.96,21.67,1
1703447597,1314.8,21.08,1
1703447598,1307.11,21.17,1
1703447599,1300.57,21.91,1
1703447600,1295.02,20.67,1
1703447601,1288.62,22,1
1703447602,1281.36,20.06,1
1703447603,1276.25,20.47,1
1703447604,1268.21,21.4,1
1703447605,1260.24,20.69,1
1703447606,1253.09,21.8,1
1703447607,1244.54,20.08,1
1703447608,1236.14,20.65,1
1703447609,1227.83,21.35,1
1703447610,1221.22,21.29,1
1703447611,1213.6,21.03,1
1703447612,1205.19,21.35,1
1703447613,1196.75,21.95,1
1703447614,1189.96,21.87,1
1703447615,1183.88,20.89,1
1703447616,1178.11,20.4,1
1703447617,1168.15,21.96,1
1703447618,1161.22,21.9,1
1703447619,1154.7,20.42,1
1703447620,1145.47,21.67,1
1703447621,1136.91,20.01,1
1703447622,1127.79,21.35,1
1703447623,1121.79,21.23,1
1703447624,1116.56,20.41,1
1703447625,1110.35,20.11,1
1703447626,1104.77,20.11,1
1703447627,1096.64,21.82,1
1703447628,1090.99,20.04,1
1703447629,1083.43,21.67,1
1703447630,1074.33,20.76,1
1703447631,1066.97,20.84,1
1703447632,1060.74,21.3,1
1703447633,1051.33,21.39,1
1703447634,1045.67,20.69,1
1703447635,1038.69,20.07,1
1703447636,1033.13,20.55,1
1703447637,1024.18,21.89,1
1703447638,1018.08,21.11,1
1703447639,1009.02,21.51,1
1703447640,1002.86,20.11,1
1703447641,999.51,21.3,1
1703447642,999.4,21.74,1
1703447643,997.62,21.53,1
1703447644,998.44,21.53,1
1703447645,997.95,21.89,1
1703447646,999.26,20.23,1
1703447647,995.32,21.07,1
1703447648,991.85,21.09,1
1703447649,998.73,21.38,1
1703447650,996.48,20.75,1
1703447651,992.2,21.78,1
1703447652,992.84,20.81,1
1703447653,993.93,20.63,1
1703447654,989.52,21.49,1
1703447655,997.13,21.23,1
1703447656,996.97,21.03,1
1703447657,992.38,21.14,1
1703447658,988.92,21.57,1
1703447659,996.56,21.57,1
1703447660,993.82,20.78,1
1703447661,991.19,20.07,1
1703447662,990.45,21.96,1
1703447663,986.48,21.19,1
1703447664,994.76,20.99,1
1703447665,993.38,20.67,1
1703447666,996.22,21.37,1
1703447667,996.29,20.76,1
scuba,,,
